	A	R	N	D	C	Q	E	G	H	I	L	K	M	F	P	S	T	W	Y	V
1	0.105	0.000	0.000	0.000	0.000	0.000	0.000	0.105	0.000	0.053	0.000	0.000	0.526	0.000	0.053	0.000	0.000	0.000	0.000	0.053
2	0.053	0.000	0.105	0.000	0.000	0.000	0.105	0.000	0.000	0.000	0.000	0.158	0.000	0.000	0.053	0.000	0.316	0.000	0.000	0.105
3	0.000	0.000	0.000	0.000	0.000	0.053	0.000	0.000	0.000	0.000	0.737	0.000	0.053	0.053	0.000	0.000	0.000	0.000	0.000	0.000
4	0.105	0.053	0.000	0.000	0.000	0.000	0.632	0.000	0.000	0.000	0.000	0.000	0.000	0.000	0.000	0.000	0.105	0.000	0.000	0.000
5	0.158	0.000	0.000	0.053	0.000	0.000	0.000	0.000	0.000	0.000	0.000	0.579	0.000	0.000	0.105	0.000	0.053	0.000	0.000	0.000
6	0.053	0.000	0.000	0.000	0.000	0.053	0.053	0.000	0.000	0.000	0.053	0.000	0.000	0.579	0.000	0.000	0.000	0.000	0.158	0.000
7	0.211	0.053	0.000	0.000	0.000	0.000	0.000	0.053	0.000	0.000	0.000	0.000	0.000	0.000	0.000	0.053	0.053	0.000	0.000	0.526
8	0.158	0.000	0.000	0.526	0.000	0.053	0.000	0.000	0.000	0.000	0.000	0.000	0.000	0.000	0.158	0.000	0.053	0.000	0.000	0.000
9	0.316	0.053	0.000	0.000	0.000	0.053	0.158	0.000	0.000	0.000	0.000	0.053	0.000	0.000	0.211	0.053	0.053	0.000	0.000	0.000
10	0.053	0.000	0.000	0.000	0.000	0.000	0.000	0.000	0.000	0.000	0.737	0.000	0.000	0.053	0.000	0.000	0.105	0.000	0.000	0.000
11	0.105	0.000	0.000	0.000	0.000	0.000	0.000	0.000	0.000	0.000	0.000	0.000	0.000	0.000	0.789	0.000	0.053	0.000	0.000	0.000
12	0.053	0.000	0.000	0.000	0.000	0.000	0.053	0.000	0.000	0.632	0.000	0.000	0.000	0.000	0.000	0.000	0.000	0.000	0.000	0.211
13	0.000	0.000	0.000	0.000	0.000	0.000	0.000	0.000	0.000	0.053	0.000	0.053	0.000	0.000	0.842	0.000	0.000	0.000	0.000	0.000
14	0.000	0.053	0.000	0.263	0.000	0.053	0.211	0.000	0.000	0.000	0.000	0.158	0.000	0.000	0.158	0.053	0.000	0.000	0.000	0.000
15	0.000	0.000	0.000	0.000	0.000	0.000	0.000	0.000	0.000	0.053	0.105	0.000	0.000	0.000	0.000	0.000	0.368	0.000	0.000	0.421
16	0.158	0.053	0.000	0.000	0.000	0.000	0.000	0.000	0.000	0.053	0.579	0.000	0.000	0.000	0.000	0.000	0.053	0.000	0.000	0.053
17	0.000	0.158	0.000	0.000	0.000	0.053	0.158	0.105	0.000	0.000	0.000	0.368	0.000	0.000	0.053	0.000	0.053	0.000	0.000	0.000
18	0.053	0.000	0.000	0.000	0.000	0.000	0.000	0.000	0.000	0.000	0.000	0.000	0.000	0.000	0.789	0.053	0.053	0.000	0.000	0.000
19	0.053	0.000	0.000	0.158	0.000	0.158	0.053	0.000	0.053	0.000	0.000	0.000	0.000	0.000	0.053	0.000	0.000	0.000	0.000	0.368
20	0.053	0.000	0.000	0.000	0.000	0.263	0.000	0.053	0.000	0.000	0.000	0.158	0.000	0.053	0.000	0.211	0.000	0.000	0.053	0.000
21	0.000	0.000	0.053	0.053	0.000	0.316	0.000	0.000	0.000	0.000	0.000	0.263	0.000	0.000	0.000	0.000	0.105	0.000	0.000	0.053
22	0.000	0.053	0.158	0.000	0.000	0.000	0.000	0.000	0.000	0.000	0.000	0.000	0.000	0.000	0.053	0.368	0.053	0.000	0.000	0.000
23	0.000	0.000	0.158	0.263	0.000	0.000	0.000	0.053	0.000	0.000	0.105	0.316	0.000	0.000	0.105	0.000	0.000	0.000	0.000	0.000
24	0.105	0.053	0.000	0.158	0.000	0.000	0.211	0.263	0.000	0.000	0.000	0.053	0.000	0.000	0.000	0.053	0.000	0.000	0.000	0.105
25	0.053	0.053	0.000	0.053	0.000	0.105	0.053	0.000	0.000	0.000	0.158	0.211	0.105	0.000	0.000	0.158	0.000	0.000	0.000	0.053
26	0.053	0.053	0.053	0.053	0.000	0.000	0.000	0.000	0.053	0.000	0.105	0.053	0.000	0.000	0.000	0.053	0.526	0.000	0.000	0.000
27	0.053	0.105	0.053	0.000	0.000	0.000	0.158	0.000	0.000	0.000	0.000	0.000	0.000	0.000	0.053	0.053	0.000	0.000	0.526	0.000
28	0.000	0.000	0.000	0.000	0.000	0.000	0.000	0.000	0.000	0.105	0.053	0.000	0.000	0.105	0.000	0.000	0.105	0.000	0.579	0.053
29	0.000	0.000	0.000	0.000	0.000	0.053	0.789	0.000	0.053	0.000	0.000	0.053	0.000	0.000	0.000	0.000	0.053	0.000	0.000	0.000
30	0.000	0.000	0.000	0.000	0.000	0.000	0.000	0.000	0.000	0.263	0.263	0.000	0.053	0.000	0.000	0.000	0.000	0.000	0.000	0.421
31	0.263	0.000	0.000	0.000	0.000	0.000	0.000	0.000	0.000	0.000	0.000	0.000	0.000	0.000	0.000	0.105	0.526	0.000	0.000	0.105
32	0.158	0.000	0.000	0.000	0.000	0.000	0.000	0.000	0.000	0.105	0.105	0.000	0.526	0.000	0.000	0.000	0.000	0.000	0.000	0.105
33	0.053	0.105	0.000	0.000	0.000	0.053	0.421	0.105	0.000	0.000	0.000	0.158	0.000	0.000	0.000	0.000	0.105	0.000	0.000	0.000
34	0.053	0.000	0.000	0.000	0.000	0.000	0.632	0.000	0.000	0.000	0.000	0.000	0.000	0.000	0.263	0.000	0.000	0.000	0.053	0.000
35	0.053	0.000	0.000	0.000	0.316	0.053	0.000	0.053	0.000	0.000	0.000	0.000	0.000	0.158	0.000	0.053	0.105	0.000	0.000	0.211
36	0.053	0.000	0.053	0.000	0.000	0.211	0.053	0.000	0.000	0.000	0.053	0.000	0.000	0.158	0.053	0.053	0.158	0.105	0.053	0.000
37	0.105	0.105	0.000	0.000	0.000	0.158	0.000	0.000	0.316	0.000	0.158	0.000	0.000	0.000	0.000	0.053	0.000	0.000	0.000	0.105
38	0.053	0.105	0.053	0.053	0.000	0.368	0.053	0.000	0.000	0.000	0.000	0.263	0.000	0.000	0.000	0.000	0.053	0.000	0.000	0.000
39	0.000	0.000	0.000	0.000	0.000	0.000	0.000	0.000	0.000	0.105	0.632	0.000	0.053	0.105	0.000	0.000	0.000	0.000	0.000	0.105
40	0.158	0.000	0.000	0.000	0.000	0.000	0.000	0.053	0.684	0.000	0.053	0.000	0.000	0.000	0.000	0.000	0.053	0.000	0.000	0.000
41	0.000	0.526	0.000	0.000	0.000	0.000	0.053	0.211	0.000	0.000	0.000	0.000	0.000	0.000	0.211	0.000	0.000	0.000	0.000	0.000
42	0.000	0.053	0.000	0.579	0.053	0.158	0.053	0.053	0.000	0.000	0.000	0.053	0.000	0.000	0.000	0.000	0.000	0.000	0.000	0.000
43	0.000	0.000	0.000	0.000	0.000	0.000	0.000	0.053	0.000	0.000	0.684	0.000	0.053	0.000	0.000	0.000	0.000	0.000	0.000	0.000
44	0.000	0.000	0.000	0.000	0.000	0.000	0.000	0.000	0.000	0.000	0.000	0.000	0.000	0.000	0.737	0.000	0.000	0.000	0.000	0.000
45	0.053	0.053	0.053	0.000	0.000	0.000	0.053	0.000	0.000	0.000	0.000	0.000	0.000	0.000	0.632	0.000	0.158	0.000	0.000	0.000
46	0.158	0.053	0.000	0.000	0.000	0.000	0.000	0.000	0.000	0.000	0.000	0.000	0.000	0.000	0.000	0.000	0.789	0.000	0.000	0.000
47	0.000	0.474	0.000	0.000	0.000	0.000	0.000	0.000	0.000	0.000	0.105	0.105	0.000	0.000	0.105	0.000	0.158	0.053	0.000	0.000
48	0.053	0.000	0.000	0.000	0.000	0.000	0.000	0.000	0.000	0.000	0.684	0.000	0.158	0.000	0.000	0.000	0.053	0.000	0.000	0.053
49	0.000	0.053	0.000	0.000	0.000	0.000	0.000	0.000	0.000	0.053	0.105	0.000	0.000	0.105	0.000	0.000	0.000	0.684	0.000	0.000
50	0.000	0.000	0.053	0.000	0.000	0.000	0.000	0.737	0.000	0.000	0.000	0.000	0.000	0.000	0.000	0.000	0.211	0.000	0.000	0.000
51	0.000	0.000	0.000	0.000	0.000	0.000	0.000	0.000	0.000	0.000	0.000	0.000	0.000	0.105	0.000	0.000	0.000	0.000	0.842	0.053
52	0.000	0.000	0.737	0.105	0.000	0.000	0.000	0.105	0.000	0.000	0.000	0.053	0.000	0.000	0.000	0.000	0.000	0.000	0.000	0.000
53	0.053	0.000	0.000	0.000	0.000	0.000	0.000	0.947	0.000	0.000	0.000	0.000	0.000	0.000	0.000	0.000	0.000	0.000	0.000	0.000
54	0.053	0.000	0.053	0.000	0.000	0.158	0.000	0.053	0.000	0.000	0.263	0.000	0.000	0.000	0.000	0.316	0.000	0.000	0.000	0.105
55	0.000	0.000	0.000	0.000	0.000	0.000	0.000	0.000	0.000	0.000	0.263	0.000	0.000	0.368	0.000	0.053	0.053	0.000	0.158	0.105
56	0.000	0.000	0.000	0.000	0.000	0.000	0.000	0.000	0.000	0.000	0.053	0.000	0.000	0.000	0.895	0.000	0.000	0.000	0.000	0.053
57	0.053	0.000	0.000	0.000	0.000	0.000	0.000	0.947	0.000	0.000	0.000	0.000	0.000	0.000	0.000	0.000	0.000	0.000	0.000	0.000
58	0.000	0.000	0.000	0.000	0.000	0.000	0.000	0.000	0.000	0.000	0.000	0.000	0.000	0.000	1.000	0.000	0.000	0.000	0.000	0.000
59	0.053	0.000	0.000	0.000	0.000	0.000	0.000	0.000	0.000	0.053	0.000	0.000	0.000	0.000	0.000	0.000	0.842	0.000	0.000	0.053
60	0.000	0.000	0.000	0.000	0.000	0.000	0.000	0.000	0.000	0.579	0.211	0.000	0.000	0.105	0.000	0.000	0.000	0.000	0.000	0.105
61	0.000	0.158	0.000	0.053	0.000	0.053	0.526	0.000	0.000	0.000	0.000	0.211	0.000	0.000	0.000	0.000	0.000	0.000	0.000	0.000
62	0.316	0.000	0.000	0.000	0.000	0.000	0.000	0.000	0.000	0.000	0.105	0.000	0.000	0.000	0.000	0.000	0.000	0.053	0.000	0.526
63	0.000	0.263	0.211	0.053	0.000	0.158	0.000	0.000	0.000	0.000	0.000	0.263	0.000	0.000	0.000	0.000	0.000	0.000	0.000	0.053
64	0.053	0.526	0.000	0.000	0.000	0.105	0.105	0.000	0.000	0.000	0.000	0.105	0.000	0.000	0.105	0.000	0.000	0.000	0.000	0.000
65	0.000	0.053	0.368	0.053	0.000	0.000	0.000	0.421	0.105	0.000	0.000	0.000	0.000	0.000	0.000	0.000	0.000	0.000	0.000	0.000
66	0.000	0.000	0.000	0.158	0.000	0.158	0.579	0.000	0.000	0.000	0.000	0.053	0.000	0.000	0.000	0.053	0.000	0.000	0.000	0.000
67	0.053	0.158	0.316	0.000	0.000	0.000	0.000	0.000	0.000	0.053	0.000	0.211	0.000	0.000	0.053	0.000	0.105	0.000	0.000	0.053
68	0.000	0.000	0.000	0.000	0.000	0.000	0.000	0.000	0.000	0.000	0.053	0.000	0.000	0.053	0.000	0.000	0.000	0.000	0.000	0.895
69	0.105	0.263	0.000	0.105	0.000	0.000	0.000	0.000	0.053	0.000	0.000	0.105	0.000	0.000	0.000	0.000	0.053	0.000	0.316	0.000
70	0.000	0.000	0.000	0.000	0.000	0.000	0.000	0.000	0.000	0.263	0.105	0.000	0.000	0.053	0.000	0.000	0.000	0.000	0.000	0.579
71	0.105	0.158	0.000	0.053	0.000	0.000	0.000	0.000	0.000	0.000	0.000	0.526	0.000	0.105	0.000	0.000	0.053	0.000	0.000	0.000
72	0.000	0.000	0.000	0.000	0.000	0.000	0.000	0.000	0.000	0.053	0.105	0.000	0.000	0.105	0.000	0.000	0.000	0.632	0.000	0.105
73	0.000	0.053	0.000	0.053	0.000	0.053	0.105	0.000	0.000	0.000	0.105	0.000	0.421	0.000	0.000	0.000	0.158	0.000	0.053	0.000
74	0.000	0.000	0.947	0.000	0.000	0.000	0.000	0.000	0.000	0.000	0.000	0.000	0.000	0.000	0.000	0.000	0.053	0.000	0.000	0.000
75	0.000	0.211	0.211	0.053	0.000	0.105	0.000	0.000	0.053	0.000	0.000	0.263	0.000	0.000	0.000	0.053	0.053	0.000	0.000	0.000
76	0.000	0.000	0.000	0.000	0.000	0.000	0.000	0.000	0.000	0.158	0.789	0.000	0.053	0.000	0.000	0.000	0.000	0.000	0.000	0.000
77	0.000	0.000	0.000	0.000	0.000	0.000	0.053	0.053	0.000	0.000	0.000	0.000	0.000	0.000	0.842	0.000	0.053	0.000	0.000	0.000
78	0.000	0.053	0.000	0.211	0.000	0.000	0.211	0.000	0.000	0.000	0.105	0.105	0.000	0.000	0.000	0.316	0.000	0.000	0.000	0.000
79	0.000	0.053	0.000	0.053	0.053	0.000	0.158	0.105	0.158	0.000	0.000	0.158	0.000	0.000	0.053	0.000	0.211	0.000	0.000	0.000
80	0.000	0.000	0.000	0.053	0.000	0.000	0.000	0.000	0.579	0.000	0.000	0.000	0.000	0.000	0.000	0.105	0.000	0.000	0.000	0.000
81	0.053	0.000	0.000	0.000	0.000	0.000	0.105	0.000	0.000	0.000	0.105	0.000	0.000	0.474	0.000	0.000	0.000	0.000	0.000	0.000
82	0.053	0.000	0.000	0.000	0.000	0.000	0.000	0.000	0.000	0.000	0.526	0.000	0.000	0.053	0.000	0.000	0.000	0.000	0.105	0.000
83	0.000	0.000	0.000	0.000	0.000	0.000	0.000	0.000	0.000	0.000	0.000	0.000	0.000	0.000	0.789	0.000	0.000	0.000	0.000	0.000
84	0.000	0.000	0.000	0.000	0.000	0.000	0.000	0.000	0.000	0.158	0.053	0.000	0.000	0.000	0.000	0.000	0.000	0.000	0.000	0.526
85	0.000	0.000	0.000	0.579	0.000	0.000	0.000	0.000	0.000	0.000	0.000	0.000	0.000	0.000	0.000	0.000	0.158	0.000	0.000	0.000
86	0.053	0.000	0.000	0.053	0.000	0.000	0.000	0.000	0.579	0.000	0.000	0.000	0.000	0.000	0.000	0.053	0.000	0.000	0.000	0.000
87	0.000	0.053	0.000	0.000	0.000	0.000	0.000	0.000	0.053	0.000	0.000	0.000	0.000	0.000	0.000	0.053	0.474	0.000	0.000	0.105
88	0.000	0.000	0.053	0.000	0.000	0.000	0.105	0.000	0.000	0.474	0.105	0.000	0.000	0.000	0.000	0.000	0.000	0.000	0.000	0.000
89	0.000	0.000	0.000	0.000	0.000	0.000	0.000	0.053	0.579	0.000	0.000	0.000	0.000	0.000	0.000	0.000	0.000	0.000	0.000	0.105
90	0.105	0.000	0.000	0.368	0.000	0.000	0.053	0.053	0.000	0.000	0.000	0.000	0.000	0.000	0.053	0.000	0.053	0.000	0.000	0.000
91	0.000	0.000	0.000	0.158	0.000	0.000	0.000	0.158	0.000	0.000	0.000	0.000	0.000	0.000	0.000	0.211	0.053	0.000	0.105	0.000
92	0.053	0.000	0.000	0.053	0.000	0.211	0.000	0.211	0.105	0.000	0.000	0.053	0.000	0.000	0.000	0.053	0.000	0.000	0.000	0.000
93	0.000	0.053	0.053	0.000	0.000	0.000	0.000	0.053	0.526	0.000	0.000	0.000	0.000	0.000	0.000	0.053	0.000	0.000	0.000	0.000
94	0.053	0.000	0.000	0.105	0.000	0.053	0.211	0.000	0.105	0.000	0.000	0.000	0.000	0.000	0.158	0.053	0.000	0.000	0.000	0.000
95	0.000	0.000	0.053	0.000	0.000	0.053	0.526	0.000	0.000	0.000	0.000	0.000	0.000	0.000	0.000	0.000	0.053	0.000	0.000	0.053
96	0.000	0.000	0.000	0.000	0.000	0.000	0.000	0.000	0.105	0.000	0.053	0.000	0.000	0.000	0.526	0.053	0.000	0.000	0.000	0.000
97	0.000	0.000	0.000	0.053	0.000	0.000	0.526	0.000	0.000	0.000	0.053	0.000	0.000	0.000	0.000	0.053	0.053	0.000	0.000	0.000
98	0.000	0.000	0.000	0.000	0.000	0.000	0.000	0.000	0.000	0.000	0.000	0.000	0.000	0.000	0.000	0.000	0.158	0.000	0.000	0.579
99	0.000	0.053	0.000	0.053	0.000	0.000	0.105	0.000	0.000	0.000	0.000	0.526	0.000	0.000	0.000	0.000	0.000	0.000	0.000	0.000
100	0.000	0.000	0.000	0.000	0.000	0.000	0.000	0.000	0.000	0.000	0.000	0.000	0.000	0.000	0.000	0.105	0.895	0.000	0.000	0.000
101	0.053	0.000	0.105	0.000	0.000	0.000	0.000	0.000	0.000	0.000	0.000	0.000	0.000	0.000	0.000	0.053	0.105	0.000	0.000	0.684
102	0.000	0.000	0.000	0.000	0.000	0.000	0.000	0.000	0.000	0.105	0.105	0.000	0.000	0.053	0.000	0.000	0.158	0.000	0.000	0.579
103	0.000	0.000	0.000	0.000	0.000	0.000	0.000	0.000	1.000	0.000	0.000	0.000	0.000	0.000	0.000	0.000	0.000	0.000	0.000	0.000
104	0.000	0.000	0.000	0.000	0.000	0.000	0.000	0.000	0.000	0.000	0.632	0.000	0.000	0.053	0.000	0.000	0.053	0.263	0.000	0.000
105	0.000	0.000	0.000	0.000	0.000	0.000	0.000	0.000	1.000	0.000	0.000	0.000	0.000	0.000	0.000	0.000	0.000	0.000	0.000	0.000
106	0.000	0.000	0.000	0.000	0.000	0.000	0.000	1.000	0.000	0.000	0.000	0.000	0.000	0.000	0.000	0.000	0.000	0.000	0.000	0.000
107	0.105	0.000	0.000	0.000	0.000	0.000	0.000	0.526	0.000	0.053	0.263	0.000	0.053	0.000	0.000	0.000	0.000	0.000	0.000	0.000
108	0.053	0.105	0.000	0.000	0.053	0.105	0.105	0.000	0.000	0.053	0.053	0.000	0.000	0.000	0.053	0.000	0.000	0.053	0.000	0.368
109	0.000	0.000	0.000	0.000	0.000	0.000	0.000	0.000	0.000	0.105	0.158	0.000	0.000	0.000	0.000	0.000	0.632	0.000	0.000	0.105
110	0.000	0.000	0.000	0.105	0.000	0.000	0.000	0.105	0.000	0.000	0.000	0.000	0.000	0.000	0.684	0.105	0.000	0.000	0.000	0.000
111	0.263	0.000	0.053	0.158	0.000	0.000	0.053	0.158	0.000	0.000	0.000	0.000	0.000	0.000	0.263	0.053	0.000	0.000	0.000	0.000
112	0.105	0.000	0.053	0.421	0.000	0.000	0.053	0.158	0.000	0.000	0.000	0.053	0.000	0.000	0.000	0.158	0.000	0.000	0.000	0.000
113	0.000	0.000	0.158	0.000	0.000	0.000	0.000	0.000	0.000	0.000	0.000	0.053	0.158	0.000	0.000	0.526	0.000	0.000	0.000	0.105
114	0.000	0.000	0.053	0.947	0.000	0.000	0.000	0.000	0.000	0.000	0.000	0.000	0.000	0.000	0.000	0.000	0.000	0.000	0.000	0.000
115	0.000	0.000	0.000	0.053	0.000	0.000	0.000	0.895	0.000	0.000	0.000	0.000	0.000	0.000	0.000	0.053	0.000	0.000	0.000	0.000
116	0.000	0.000	0.000	0.053	0.000	0.053	0.000	0.053	0.000	0.000	0.000	0.000	0.000	0.000	0.000	0.000	0.000	0.105	0.526	0.158
117	0.105	0.000	0.053	0.000	0.000	0.000	0.000	0.053	0.000	0.000	0.000	0.000	0.000	0.000	0.737	0.053	0.000	0.000	0.000	0.000
118	0.000	0.000	0.000	0.158	0.000	0.053	0.526	0.158	0.000	0.000	0.000	0.000	0.000	0.053	0.000	0.000	0.000	0.000	0.000	0.053
119	0.526	0.000	0.000	0.000	0.000	0.000	0.000	0.053	0.000	0.000	0.211	0.000	0.105	0.000	0.000	0.000	0.000	0.000	0.000	0.000
120	0.000	0.000	0.000	0.000	0.000	0.000	0.053	0.000	0.000	0.053	0.053	0.000	0.000	0.000	0.000	0.105	0.053	0.579	0.000	0.000
121	0.000	0.000	0.000	0.000	0.000	0.105	0.053	0.000	0.000	0.000	0.000	0.000	0.000	0.474	0.000	0.000	0.053	0.000	0.105	0.000
122	0.000	0.000	0.000	0.000	0.000	0.000	0.000	0.000	0.000	0.000	0.053	0.000	0.000	0.000	0.000	0.368	0.211	0.000	0.000	0.000
123	0.000	0.158	0.053	0.000	0.000	0.000	0.000	0.000	0.000	0.000	0.000	0.368	0.000	0.000	0.105	0.000	0.000	0.000	0.000	0.000
124	0.000	0.000	0.000	0.579	0.000	0.000	0.000	0.105	0.053	0.000	0.000	0.000	0.000	0.000	0.000	0.000	0.000	0.000	0.000	0.000
125	0.000	0.000	0.000	0.000	0.000	0.000	0.000	0.000	0.000	0.000	0.000	0.000	0.000	0.526	0.000	0.000	0.000	0.000	0.000	0.053
126	0.000	0.000	0.105	0.000	0.000	0.053	0.368	0.053	0.053	0.211	0.000	0.053	0.000	0.000	0.000	0.000	0.000	0.000	0.000	0.053
127	0.263	0.000	0.000	0.000	0.000	0.316	0.105	0.053	0.000	0.000	0.000	0.000	0.000	0.000	0.158	0.000	0.000	0.000	0.000	0.105
128	0.053	0.000	0.000	0.000	0.000	0.000	0.053	0.000	0.000	0.000	0.000	0.158	0.000	0.000	0.211	0.000	0.368	0.000	0.000	0.158
129	0.000	0.000	0.000	0.000	0.000	0.000	0.000	1.000	0.000	0.000	0.000	0.000	0.000	0.000	0.000	0.000	0.000	0.000	0.000	0.000
130	0.000	0.053	0.000	0.000	0.000	0.000	0.105	0.105	0.000	0.000	0.000	0.053	0.000	0.000	0.474	0.053	0.000	0.000	0.053	0.000
131	0.053	0.053	0.000	0.000	0.000	0.000	0.053	0.000	0.000	0.000	0.000	0.053	0.000	0.263	0.000	0.053	0.105	0.000	0.368	0.000
132	0.000	0.053	0.000	0.000	0.000	0.000	0.000	0.105	0.000	0.000	0.000	0.000	0.000	0.737	0.000	0.000	0.000	0.053	0.053	0.000
133	0.000	0.000	0.000	0.211	0.000	0.000	0.316	0.000	0.053	0.000	0.000	0.263	0.000	0.000	0.000	0.053	0.053	0.000	0.000	0.053
134	0.105	0.474	0.000	0.000	0.000	0.000	0.000	0.000	0.000	0.000	0.000	0.053	0.000	0.000	0.000	0.053	0.000	0.000	0.000	0.000
135	0.053	0.000	0.000	0.000	0.000	0.158	0.474	0.000	0.000	0.000	0.000	0.000	0.000	0.000	0.000	0.000	0.000	0.000	0.000	0.000
136	0.000	0.000	0.000	0.000	0.000	0.000	0.000	0.000	0.000	0.105	0.105	0.000	0.000	0.000	0.000	0.000	0.000	0.053	0.000	0.421
137	0.000	0.000	0.000	0.000	0.000	0.053	0.000	0.000	0.000	0.000	0.000	0.000	0.000	0.000	0.000	0.105	0.000	0.000	0.789	0.053
138	0.000	0.000	0.000	0.000	0.000	0.000	0.526	0.000	0.368	0.000	0.000	0.000	0.000	0.000	0.000	0.053	0.053	0.000	0.000	0.000
139	0.000	0.000	0.000	0.000	0.000	0.000	0.000	0.000	0.000	0.053	0.105	0.000	0.000	0.211	0.000	0.000	0.000	0.000	0.632	0.000
140	0.053	0.105	0.053	0.053	0.000	0.000	0.053	0.000	0.000	0.000	0.000	0.000	0.000	0.000	0.684	0.000	0.000	0.000	0.000	0.000
141	0.053	0.000	0.632	0.000	0.000	0.000	0.000	0.000	0.000	0.053	0.105	0.000	0.053	0.000	0.000	0.000	0.000	0.000	0.000	0.105
142	0.000	0.000	0.000	0.158	0.000	0.263	0.158	0.000	0.105	0.000	0.000	0.105	0.000	0.000	0.158	0.000	0.000	0.000	0.000	0.053
143	0.000	0.000	0.000	0.053	0.000	0.684	0.053	0.000	0.105	0.000	0.000	0.105	0.000	0.000	0.000	0.000	0.000	0.000	0.000	0.000
144	0.000	0.316	0.000	0.158	0.000	0.211	0.053	0.053	0.000	0.000	0.000	0.000	0.000	0.000	0.053	0.000	0.000	0.000	0.000	0.000
145	0.474	0.053	0.000	0.000	0.000	0.053	0.000	0.316	0.000	0.000	0.000	0.000	0.000	0.000	0.000	0.105	0.000	0.000	0.000	0.000
146	0.368	0.000	0.000	0.000	0.105	0.000	0.000	0.263	0.000	0.000	0.000	0.000	0.000	0.000	0.000	0.000	0.158	0.000	0.000	0.105
147	0.105	0.000	0.000	0.000	0.000	0.105	0.000	0.000	0.000	0.263	0.053	0.000	0.000	0.000	0.000	0.000	0.474	0.000	0.000	0.000
148	0.000	0.000	0.000	0.000	0.053	0.000	0.000	0.000	0.000	0.000	0.526	0.000	0.000	0.211	0.000	0.053	0.000	0.105	0.053	0.000
149	0.000	0.000	0.000	0.000	0.000	0.000	0.000	0.000	0.000	0.000	0.000	0.000	0.053	0.000	0.000	0.000	0.053	0.895	0.000	0.000
150	0.000	0.000	0.000	0.000	0.000	0.000	0.000	0.000	0.000	0.000	0.000	0.000	0.000	0.053	0.000	0.000	0.000	0.000	0.947	0.000
151	0.000	0.000	0.000	0.000	0.000	0.000	0.000	0.000	1.000	0.000	0.000	0.000	0.000	0.000	0.000	0.000	0.000	0.000	0.000	0.000
152	0.053	0.000	0.000	0.684	0.000	0.000	0.000	0.000	0.000	0.000	0.000	0.000	0.000	0.000	0.158	0.105	0.000	0.000	0.000	0.000
153	0.000	0.000	0.000	0.000	0.000	0.000	0.000	0.000	1.000	0.000	0.000	0.000	0.000	0.000	0.000	0.000	0.000	0.000	0.000	0.000
154	0.632	0.000	0.053	0.000	0.000	0.053	0.000	0.000	0.000	0.000	0.053	0.000	0.000	0.000	0.000	0.105	0.053	0.000	0.000	0.053
155	0.000	0.053	0.000	0.053	0.000	0.000	0.000	0.000	0.158	0.000	0.053	0.000	0.684	0.000	0.000	0.000	0.000	0.000	0.000	0.000
156	0.526	0.000	0.105	0.000	0.000	0.000	0.053	0.211	0.000	0.000	0.000	0.000	0.000	0.000	0.000	0.053	0.000	0.000	0.000	0.000
157	0.000	0.053	0.000	0.000	0.000	0.000	0.000	0.000	0.000	0.263	0.368	0.053	0.053	0.000	0.000	0.053	0.000	0.053	0.000	0.053
158	0.000	0.000	0.000	0.000	0.000	0.000	0.053	0.000	0.000	0.000	0.000	0.000	0.000	0.000	0.053	0.000	0.737	0.000	0.000	0.105
159	0.105	0.684	0.000	0.000	0.000	0.000	0.000	0.053	0.000	0.000	0.000	0.000	0.000	0.000	0.000	0.000	0.000	0.000	0.000	0.000
160	0.000	0.053	0.000	0.000	0.000	0.000	0.000	0.000	0.000	0.000	0.632	0.000	0.000	0.053	0.053	0.000	0.000	0.105	0.000	0.000
161	0.000	0.000	0.684	0.000	0.000	0.316	0.000	0.000	0.000	0.000	0.000	0.000	0.000	0.000	0.000	0.000	0.000	0.000	0.000	0.000
162	0.053	0.000	0.000	0.000	0.000	0.000	0.053	0.000	0.000	0.000	0.053	0.000	0.053	0.000	0.000	0.000	0.000	0.000	0.000	0.789
163	0.158	0.000	0.000	0.000	0.000	0.053	0.000	0.000	0.053	0.000	0.000	0.000	0.053	0.053	0.000	0.053	0.000	0.000	0.579	0.000
164	0.684	0.000	0.000	0.000	0.000	0.000	0.000	0.000	0.000	0.000	0.000	0.053	0.105	0.000	0.000	0.053	0.105	0.000	0.000	0.000
165	0.000	0.000	0.000	0.000	0.000	0.000	0.000	1.000	0.000	0.000	0.000	0.000	0.000	0.000	0.000	0.000	0.000	0.000	0.000	0.000
166	0.000	0.000	0.000	0.000	0.000	0.000	0.000	0.000	0.000	0.000	0.895	0.000	0.105	0.000	0.000	0.000	0.000	0.000	0.000	0.000
167	0.316	0.000	0.000	0.000	0.000	0.000	0.000	0.000	0.000	0.105	0.105	0.000	0.053	0.000	0.000	0.000	0.000	0.000	0.211	0.211
168	0.000	0.000	0.000	0.000	0.000	0.000	0.000	1.000	0.000	0.000	0.000	0.000	0.000	0.000	0.000	0.000	0.000	0.000	0.000	0.000
169	0.421	0.000	0.000	0.000	0.000	0.000	0.000	0.000	0.000	0.000	0.211	0.000	0.053	0.158	0.053	0.000	0.105	0.000	0.000	0.000
170	0.000	0.000	0.000	0.000	0.000	0.000	0.000	0.000	0.000	0.053	0.158	0.000	0.000	0.053	0.000	0.000	0.000	0.000	0.684	0.053
171	0.000	0.000	0.000	0.000	0.000	0.000	0.000	0.000	0.000	0.421	0.263	0.000	0.000	0.105	0.000	0.053	0.000	0.000	0.000	0.158
172	0.000	0.000	0.000	0.000	0.000	0.000	0.000	0.000	0.000	0.789	0.000	0.000	0.000	0.000	0.000	0.000	0.000	0.000	0.000	0.211
173	0.000	0.263	0.000	0.053	0.000	0.000	0.211	0.000	0.316	0.000	0.000	0.000	0.000	0.000	0.000	0.105	0.053	0.000	0.000	0.000
174	0.000	0.000	0.000	0.579	0.000	0.000	0.158	0.053	0.000	0.000	0.000	0.000	0.000	0.000	0.105	0.053	0.053	0.000	0.000	0.000
175	0.105	0.158	0.000	0.211	0.000	0.000	0.000	0.053	0.000	0.000	0.000	0.053	0.000	0.000	0.263	0.053	0.000	0.000	0.000	0.000
176	0.053	0.000	0.000	0.105	0.000	0.000	0.263	0.000	0.000	0.000	0.053	0.316	0.000	0.105	0.000	0.000	0.000	0.000	0.000	0.000
177	0.000	0.000	0.000	0.053	0.000	0.000	0.684	0.000	0.000	0.053	0.000	0.000	0.000	0.000	0.053	0.000	0.000	0.000	0.000	0.000
178	0.158	0.158	0.000	0.105	0.000	0.000	0.000	0.000	0.000	0.000	0.053	0.421	0.000	0.000	0.000	0.000	0.000	0.000	0.000	0.000
179	0.105	0.263	0.000	0.000	0.000	0.053	0.105	0.000	0.000	0.053	0.000	0.105	0.000	0.000	0.000	0.211	0.000	0.000	0.000	0.000
180	0.000	0.000	0.000	0.000	0.000	0.000	0.000	0.053	0.000	0.000	0.684	0.000	0.000	0.053	0.211	0.000	0.000	0.000	0.000	0.000
181	0.105	0.000	0.105	0.000	0.000	0.105	0.158	0.053	0.053	0.000	0.000	0.316	0.053	0.000	0.000	0.000	0.053	0.000	0.000	0.000
182	0.000	0.000	0.000	0.000	0.000	0.053	0.000	0.000	0.000	0.000	0.789	0.000	0.000	0.053	0.105	0.000	0.000	0.000	0.000	0.000
183	0.000	0.053	0.000	0.000	0.000	0.000	0.000	0.000	0.000	0.000	0.000	0.000	0.053	0.000	0.842	0.000	0.000	0.000	0.053	0.000
184	0.053	0.000	0.000	0.053	0.053	0.053	0.053	0.000	0.053	0.000	0.000	0.263	0.000	0.000	0.053	0.368	0.000	0.000	0.000	0.000
185	0.053	0.000	0.000	0.211	0.000	0.000	0.000	0.579	0.053	0.000	0.000	0.000	0.000	0.000	0.000	0.000	0.000	0.000	0.000	0.105
186	0.000	0.000	0.000	0.211	0.000	0.000	0.632	0.000	0.000	0.053	0.000	0.105	0.000	0.000	0.000	0.000	0.000	0.000	0.000	0.000
187	0.000	0.211	0.000	0.053	0.000	0.000	0.053	0.000	0.053	0.000	0.000	0.000	0.000	0.000	0.000	0.000	0.000	0.000	0.579	0.053
188	0.000	0.000	0.000	0.684	0.000	0.000	0.263	0.000	0.053	0.000	0.000	0.000	0.000	0.000	0.000	0.000	0.000	0.000	0.000	0.000
189	0.000	0.000	0.000	0.000	0.000	0.000	0.000	0.000	0.105	0.368	0.105	0.000	0.000	0.053	0.000	0.000	0.000	0.000	0.000	0.368
190	0.000	0.000	0.000	0.000	0.000	0.000	0.000	0.000	0.000	0.053	0.000	0.000	0.000	0.000	0.737	0.000	0.053	0.000	0.000	0.105
191	0.000	0.000	0.000	0.000	0.000	0.000	0.000	0.000	0.000	0.105	0.737	0.000	0.000	0.105	0.000	0.000	0.000	0.000	0.000	0.053
192	0.000	0.000	0.000	0.000	0.000	0.000	0.000	0.000	0.000	0.053	0.632	0.000	0.211	0.000	0.000	0.000	0.000	0.000	0.000	0.105
193	0.000	0.000	0.000	0.000	0.000	0.000	0.000	0.000	0.000	0.684	0.211	0.000	0.053	0.000	0.000	0.000	0.000	0.000	0.000	0.053
194	0.105	0.000	0.053	0.053	0.000	0.263	0.000	0.000	0.000	0.000	0.000	0.053	0.158	0.000	0.000	0.053	0.263	0.000	0.000	0.000
195	0.053	0.000	0.000	0.895	0.000	0.053	0.000	0.000	0.000	0.000	0.000	0.000	0.000	0.000	0.000	0.000	0.000	0.000	0.000	0.000
196	0.000	0.526	0.000	0.000	0.000	0.000	0.000	0.000	0.000	0.000	0.053	0.211	0.000	0.053	0.000	0.000	0.000	0.105	0.000	0.053
197	0.105	0.053	0.105	0.053	0.000	0.000	0.053	0.000	0.000	0.000	0.000	0.053	0.000	0.000	0.000	0.105	0.474	0.000	0.000	0.000
198	0.000	0.000	0.000	0.053	0.000	0.000	0.000	0.000	0.000	0.368	0.211	0.000	0.000	0.316	0.000	0.000	0.000	0.000	0.053	0.000
199	0.000	0.000	0.368	0.211	0.000	0.158	0.000	0.000	0.105	0.000	0.000	0.000	0.053	0.000	0.000	0.053	0.053	0.000	0.000	0.000
200	0.053	0.000	0.000	0.158	0.053	0.000	0.526	0.053	0.000	0.000	0.000	0.000	0.000	0.000	0.053	0.000	0.105	0.000	0.000	0.000
201	0.000	0.000	0.105	0.737	0.000	0.000	0.000	0.053	0.000	0.000	0.000	0.000	0.000	0.000	0.053	0.000	0.000	0.000	0.000	0.000
202	0.000	0.000	0.000	0.000	0.000	0.000	0.000	0.947	0.000	0.000	0.000	0.000	0.000	0.000	0.000	0.000	0.000	0.000	0.000	0.000
203	0.105	0.105	0.000	0.000	0.000	0.053	0.000	0.000	0.000	0.000	0.000	0.000	0.000	0.000	0.000	0.579	0.000	0.000	0.000	0.105
204	0.000	0.000	0.000	0.000	0.000	0.000	0.000	0.000	0.000	0.105	0.789	0.000	0.000	0.000	0.000	0.000	0.000	0.000	0.053	0.000
205	0.053	0.000	0.000	0.053	0.000	0.000	0.053	0.000	0.053	0.000	0.105	0.000	0.000	0.579	0.000	0.000	0.000	0.000	0.000	0.053
206	0.000	0.053	0.000	0.053	0.000	0.000	0.000	0.000	0.105	0.000	0.000	0.000	0.000	0.000	0.053	0.000	0.000	0.000	0.684	0.000
207	0.000	0.053	0.000	0.000	0.000	0.053	0.000	0.053	0.000	0.000	0.000	0.158	0.000	0.000	0.579	0.000	0.000	0.000	0.000	0.000
208	0.000	0.105	0.000	0.000	0.000	0.000	0.053	0.000	0.000	0.053	0.053	0.000	0.053	0.053	0.000	0.421	0.105	0.000	0.000	0.000
209	0.105	0.105	0.000	0.053	0.000	0.105	0.105	0.211	0.000	0.000	0.053	0.053	0.053	0.000	0.000	0.000	0.000	0.000	0.000	0.053
210	0.000	0.000	0.053	0.000	0.000	0.000	0.000	0.000	0.000	0.105	0.000	0.053	0.000	0.000	0.526	0.000	0.053	0.000	0.000	0.053
211	0.000	0.000	0.105	0.158	0.000	0.000	0.263	0.000	0.000	0.000	0.053	0.000	0.105	0.000	0.000	0.000	0.000	0.000	0.000	0.105
212	0.053	0.053	0.526	0.000	0.000	0.105	0.000	0.000	0.000	0.000	0.000	0.000	0.000	0.000	0.000	0.000	0.053	0.000	0.000	0.000
213	0.000	0.000	0.000	0.105	0.000	0.053	0.105	0.000	0.000	0.000	0.000	0.000	0.000	0.000	0.421	0.000	0.105	0.000	0.000	0.000
214	0.105	0.000	0.105	0.105	0.000	0.000	0.000	0.000	0.000	0.000	0.000	0.053	0.000	0.000	0.000	0.421	0.000	0.000	0.000	0.000
215	0.000	0.053	0.053	0.000	0.000	0.000	0.053	0.000	0.000	0.000	0.000	0.000	0.000	0.000	0.526	0.105	0.000	0.000	0.000	0.000
216	0.000	0.000	0.000	0.263	0.000	0.000	0.105	0.000	0.053	0.000	0.000	0.000	0.000	0.000	0.000	0.263	0.105	0.000	0.000	0.000
217	0.000	0.000	0.000	0.000	0.000	0.000	0.000	0.000	0.000	0.053	0.526	0.000	0.000	0.000	0.000	0.000	0.158	0.000	0.000	0.053
218	0.000	0.000	0.000	0.000	0.000	0.000	0.000	0.105	0.000	0.000	0.000	0.000	0.000	0.000	0.684	0.000	0.000	0.000	0.000	0.000
219	0.000	0.000	0.368	0.263	0.000	0.000	0.000	0.000	0.000	0.000	0.000	0.105	0.000	0.000	0.000	0.000	0.000	0.000	0.000	0.000
220	0.000	0.000	0.000	0.000	0.000	0.000	0.000	0.000	0.000	0.000	0.053	0.053	0.105	0.000	0.579	0.000	0.000	0.053	0.000	0.000
221	0.000	0.000	0.000	0.053	0.000	0.053	0.000	0.000	0.000	0.000	0.000	0.000	0.000	0.000	0.053	0.579	0.053	0.000	0.000	0.105
222	0.211	0.000	0.000	0.000	0.000	0.000	0.000	0.000	0.000	0.526	0.000	0.000	0.000	0.053	0.000	0.105	0.000	0.053	0.000	0.000
223	0.105	0.000	0.053	0.000	0.000	0.000	0.000	0.000	0.053	0.053	0.000	0.000	0.053	0.000	0.000	0.000	0.000	0.000	0.000	0.632
224	0.000	0.000	0.053	0.000	0.000	0.053	0.000	0.000	0.000	0.053	0.053	0.000	0.000	0.000	0.632	0.053	0.000	0.000	0.000	0.053
225	0.421	0.000	0.000	0.000	0.000	0.000	0.000	0.158	0.000	0.000	0.000	0.000	0.000	0.211	0.000	0.053	0.000	0.000	0.000	0.000
226	0.000	0.053	0.000	0.053	0.000	0.000	0.000	0.053	0.000	0.000	0.053	0.053	0.000	0.579	0.000	0.000	0.000	0.053	0.053	0.000
227	0.053	0.053	0.000	0.000	0.526	0.000	0.053	0.000	0.000	0.000	0.105	0.000	0.000	0.053	0.053	0.053	0.000	0.000	0.000	0.000
228	0.000	0.000	0.000	0.000	0.000	0.000	0.000	0.947	0.000	0.000	0.000	0.000	0.000	0.000	0.000	0.000	0.000	0.000	0.000	0.000
229	0.000	0.000	0.105	0.316	0.000	0.000	0.368	0.000	0.000	0.000	0.000	0.000	0.053	0.000	0.105	0.000	0.000	0.000	0.000	0.000
230	0.000	0.053	0.000	0.000	0.000	0.000	0.000	0.000	0.000	0.000	0.105	0.000	0.000	0.000	0.000	0.105	0.579	0.000	0.105	0.000
231	0.053	0.000	0.053	0.000	0.000	0.000	0.000	0.000	0.000	0.526	0.053	0.000	0.000	0.000	0.000	0.000	0.105	0.053	0.053	0.053
232	0.000	0.000	0.000	0.000	0.000	0.000	0.000	0.000	0.000	0.000	0.737	0.000	0.000	0.053	0.000	0.053	0.105	0.000	0.000	0.053
233	0.053	0.000	0.000	0.000	0.000	0.000	0.000	0.000	0.000	0.000	0.000	0.000	0.053	0.000	0.000	0.000	0.053	0.053	0.000	0.789
234	0.000	0.053	0.947	0.000	0.000	0.000	0.000	0.000	0.000	0.000	0.000	0.000	0.000	0.000	0.000	0.000	0.000	0.000	0.000	0.000
235	0.053	0.000	0.000	0.000	0.000	0.000	0.000	0.895	0.000	0.000	0.000	0.000	0.000	0.000	0.000	0.053	0.000	0.000	0.000	0.000
236	0.158	0.158	0.000	0.000	0.000	0.053	0.000	0.000	0.000	0.000	0.053	0.474	0.000	0.000	0.000	0.000	0.105	0.000	0.000	0.000
237	0.211	0.000	0.000	0.000	0.000	0.000	0.000	0.000	0.000	0.158	0.053	0.000	0.000	0.000	0.000	0.000	0.000	0.000	0.000	0.579
238	0.000	0.053	0.000	0.053	0.000	0.000	0.053	0.000	0.000	0.000	0.000	0.000	0.000	0.000	0.000	0.000	0.000	0.737	0.053	0.053
239	0.000	0.000	0.000	0.000	0.000	0.000	0.000	0.000	0.000	0.000	0.000	0.000	0.000	0.000	0.947	0.000	0.053	0.000	0.000	0.000
240	0.000	0.053	0.000	0.000	0.000	0.053	0.000	0.053	0.000	0.000	0.053	0.000	0.000	0.053	0.000	0.000	0.053	0.000	0.632	0.053
241	0.158	0.000	0.000	0.053	0.000	0.000	0.000	0.000	0.053	0.053	0.421	0.000	0.105	0.000	0.000	0.000	0.053	0.000	0.000	0.105
242	0.053	0.000	0.000	0.053	0.000	0.000	0.632	0.000	0.000	0.000	0.000	0.000	0.000	0.053	0.053	0.000	0.053	0.000	0.000	0.105
243	0.105	0.053	0.000	0.000	0.000	0.000	0.000	0.000	0.000	0.000	0.158	0.000	0.000	0.000	0.000	0.053	0.000	0.000	0.000	0.632
244	0.000	0.053	0.000	0.105	0.000	0.053	0.579	0.000	0.000	0.000	0.000	0.105	0.000	0.000	0.053	0.053	0.000	0.000	0.000	0.000
245	0.053	0.053	0.000	0.105	0.000	0.000	0.000	0.105	0.000	0.000	0.000	0.053	0.000	0.000	0.632	0.000	0.000	0.000	0.000	0.000
246	0.158	0.579	0.000	0.105	0.000	0.000	0.053	0.105	0.000	0.000	0.000	0.000	0.000	0.000	0.000	0.000	0.000	0.000	0.000	0.000
247	0.000	0.158	0.000	0.000	0.000	0.000	0.053	0.000	0.000	0.000	0.000	0.526	0.000	0.000	0.000	0.000	0.105	0.158	0.000	0.000
248	0.000	0.000	0.000	0.000	0.000	0.000	0.000	0.000	0.053	0.053	0.105	0.000	0.000	0.000	0.000	0.000	0.000	0.000	0.632	0.158
249	0.000	0.947	0.000	0.000	0.000	0.000	0.000	0.000	0.000	0.000	0.053	0.000	0.000	0.000	0.000	0.000	0.000	0.000	0.000	0.000
250	0.000	0.000	0.000	0.000	0.000	0.000	0.000	0.000	0.000	0.000	0.211	0.000	0.000	0.684	0.000	0.000	0.000	0.053	0.000	0.053
251	0.000	1.000	0.000	0.000	0.000	0.000	0.000	0.000	0.000	0.000	0.000	0.000	0.000	0.000	0.000	0.000	0.000	0.000	0.000	0.000
252	0.000	0.000	0.000	0.000	0.000	0.000	0.000	0.000	0.000	0.316	0.263	0.000	0.000	0.105	0.000	0.000	0.000	0.000	0.000	0.316
253	0.000	0.000	0.000	0.000	0.000	0.000	0.000	0.053	0.000	0.421	0.421	0.000	0.000	0.000	0.000	0.000	0.000	0.000	0.000	0.105
254	0.000	0.000	0.947	0.000	0.000	0.000	0.000	0.000	0.053	0.000	0.000	0.000	0.000	0.000	0.000	0.000	0.000	0.000	0.000	0.000
255	0.684	0.000	0.000	0.000	0.000	0.000	0.000	0.158	0.000	0.000	0.053	0.000	0.000	0.000	0.000	0.000	0.053	0.000	0.000	0.053
256	0.158	0.000	0.000	0.000	0.053	0.000	0.000	0.053	0.000	0.000	0.000	0.000	0.000	0.000	0.000	0.684	0.053	0.000	0.000	0.000
257	0.000	0.000	0.789	0.000	0.000	0.000	0.000	0.000	0.000	0.000	0.000	0.000	0.053	0.000	0.000	0.053	0.053	0.000	0.000	0.053
258	0.211	0.053	0.000	0.053	0.000	0.000	0.000	0.000	0.053	0.000	0.000	0.000	0.105	0.000	0.000	0.000	0.526	0.000	0.000	0.000
259	0.000	0.842	0.053	0.000	0.000	0.000	0.053	0.000	0.000	0.000	0.000	0.000	0.000	0.000	0.000	0.000	0.053	0.000	0.000	0.000
260	0.053	0.000	0.000	0.000	0.000	0.000	0.000	0.000	0.000	0.263	0.000	0.000	0.000	0.000	0.000	0.158	0.368	0.000	0.105	0.000
261	0.000	0.000	0.000	0.000	0.000	0.000	0.000	0.000	0.053	0.000	0.105	0.000	0.000	0.316	0.000	0.000	0.000	0.000	0.526	0.000
262	0.000	0.053	0.316	0.211	0.000	0.000	0.211	0.000	0.000	0.000	0.000	0.053	0.000	0.000	0.105	0.053	0.000	0.000	0.000	0.000
263	0.000	0.000	0.000	0.000	0.000	0.000	0.000	0.000	0.000	0.053	0.789	0.000	0.000	0.053	0.000	0.000	0.000	0.000	0.000	0.105
264	0.105	0.053	0.000	0.000	0.000	0.053	0.053	0.000	0.158	0.000	0.000	0.000	0.000	0.000	0.000	0.316	0.000	0.000	0.105	0.158
265	0.000	0.000	0.000	0.000	0.000	0.000	0.000	0.000	0.000	0.053	0.684	0.000	0.053	0.105	0.000	0.000	0.105	0.000	0.000	0.000
266	0.000	0.000	0.053	0.474	0.000	0.053	0.105	0.000	0.053	0.053	0.000	0.000	0.000	0.000	0.053	0.053	0.000	0.000	0.000	0.105
267	0.000	0.053	0.421	0.211	0.000	0.000	0.000	0.158	0.105	0.000	0.000	0.000	0.000	0.000	0.000	0.053	0.000	0.000	0.000	0.000
268	0.000	0.000	0.105	0.211	0.000	0.000	0.211	0.263	0.053	0.000	0.053	0.000	0.000	0.000	0.000	0.000	0.000	0.000	0.053	0.053
269	0.105	0.053	0.000	0.105	0.000	0.000	0.000	0.316	0.000	0.105	0.000	0.000	0.000	0.000	0.000	0.105	0.000	0.000	0.000	0.000
270	0.053	0.053	0.000	0.105	0.000	0.000	0.211	0.000	0.000	0.053	0.000	0.053	0.000	0.000	0.105	0.000	0.316	0.000	0.000	0.053
271	0.000	0.000	0.000	0.000	0.053	0.000	0.000	0.053	0.000	0.105	0.211	0.000	0.105	0.421	0.000	0.000	0.000	0.000	0.000	0.053
272	0.000	0.000	0.053	0.000	0.000	0.000	0.053	0.000	0.211	0.316	0.105	0.053	0.000	0.000	0.000	0.000	0.053	0.000	0.158	0.000
273	0.000	0.000	0.000	0.000	0.000	0.737	0.000	0.000	0.000	0.000	0.053	0.000	0.000	0.000	0.000	0.000	0.000	0.000	0.000	0.211
274	0.000	0.000	0.000	0.000	0.000	0.000	0.000	0.000	0.000	0.789	0.000	0.000	0.000	0.053	0.000	0.000	0.053	0.000	0.000	0.105
275	0.316	0.000	0.000	0.000	0.053	0.000	0.000	0.632	0.000	0.000	0.000	0.000	0.000	0.000	0.000	0.000	0.000	0.000	0.000	0.000
276	0.105	0.000	0.000	0.000	0.000	0.000	0.000	0.000	0.000	0.000	0.053	0.000	0.000	0.000	0.053	0.579	0.158	0.000	0.000	0.053
277	0.000	0.000	0.000	0.947	0.000	0.000	0.000	0.053	0.000	0.000	0.000	0.000	0.000	0.000	0.000	0.000	0.000	0.000	0.000	0.000
278	0.000	0.000	0.000	0.000	0.000	0.000	0.000	0.947	0.053	0.000	0.000	0.000	0.000	0.000	0.000	0.000	0.000	0.000	0.000	0.000
279	0.000	0.000	0.000	0.000	0.000	0.053	0.000	0.895	0.000	0.000	0.000	0.000	0.053	0.000	0.000	0.000	0.000	0.000	0.000	0.000
280	0.000	0.000	0.000	0.000	0.000	0.053	0.000	0.000	0.000	0.000	0.579	0.000	0.000	0.211	0.053	0.000	0.000	0.053	0.053	0.000
281	0.000	0.000	0.000	0.000	0.000	0.000	0.000	0.000	0.000	0.105	0.842	0.000	0.000	0.000	0.000	0.000	0.000	0.000	0.000	0.053
282	0.000	0.053	0.000	0.053	0.000	0.105	0.105	0.000	0.000	0.000	0.000	0.000	0.000	0.000	0.579	0.000	0.000	0.000	0.000	0.053
283	0.000	0.526	0.000	0.053	0.000	0.000	0.158	0.000	0.158	0.000	0.000	0.000	0.000	0.000	0.053	0.053	0.000	0.000	0.000	0.000
284	0.000	0.000	0.000	0.000	0.000	0.000	0.053	0.000	0.000	0.000	0.000	0.000	0.000	0.000	0.526	0.316	0.000	0.053	0.000	0.053
285	0.053	0.000	0.000	0.000	0.053	0.053	0.000	0.000	0.000	0.000	0.053	0.000	0.000	0.000	0.000	0.000	0.000	0.000	0.000	0.789
286	0.105	0.053	0.053	0.053	0.000	0.000	0.105	0.000	0.105	0.000	0.000	0.474	0.000	0.000	0.000	0.053	0.000	0.000	0.000	0.000
287	0.000	0.000	0.000	0.000	0.053	0.000	0.000	0.000	0.105	0.053	0.421	0.000	0.000	0.053	0.000	0.000	0.053	0.053	0.000	0.211
288	0.000	0.000	0.368	0.158	0.000	0.158	0.000	0.000	0.000	0.000	0.000	0.000	0.000	0.000	0.158	0.158	0.000	0.000	0.000	0.000
289	0.000	0.000	0.000	0.000	0.000	0.000	0.316	0.053	0.000	0.053	0.000	0.000	0.000	0.000	0.000	0.474	0.105	0.000	0.000	0.000
290	0.000	0.000	0.000	0.000	0.000	0.000	0.053	0.000	0.000	0.053	0.421	0.000	0.000	0.421	0.000	0.000	0.000	0.000	0.000	0.053
291	0.053	0.053	0.000	0.000	0.000	0.000	0.000	0.000	0.000	0.053	0.105	0.000	0.000	0.000	0.053	0.474	0.105	0.000	0.000	0.105
292	0.053	0.000	0.000	0.000	0.000	0.000	0.000	0.000	0.000	0.368	0.474	0.000	0.000	0.000	0.000	0.000	0.000	0.000	0.000	0.105
293	0.789	0.000	0.000	0.000	0.000	0.053	0.000	0.000	0.000	0.000	0.053	0.000	0.053	0.000	0.000	0.000	0.053	0.000	0.000	0.000
294	0.000	0.053	0.000	0.000	0.000	0.000	0.000	0.000	0.000	0.000	0.000	0.000	0.053	0.000	0.895	0.000	0.000	0.000	0.000	0.000
295	0.789	0.000	0.000	0.000	0.000	0.000	0.000	0.158	0.000	0.000	0.000	0.000	0.000	0.053	0.000	0.000	0.000	0.000	0.000	0.000
296	0.000	0.000	0.000	0.000	0.000	0.053	0.842	0.000	0.000	0.000	0.000	0.000	0.000	0.000	0.000	0.000	0.000	0.000	0.105	0.000
297	0.000	0.895	0.000	0.000	0.000	0.000	0.053	0.000	0.000	0.000	0.000	0.000	0.000	0.000	0.000	0.000	0.053	0.000	0.000	0.000
298	0.158	0.000	0.000	0.000	0.105	0.000	0.000	0.053	0.000	0.000	0.000	0.000	0.053	0.316	0.000	0.000	0.000	0.000	0.316	0.000
299	0.000	0.000	0.000	0.842	0.000	0.000	0.158	0.000	0.000	0.000	0.000	0.000	0.000	0.000	0.000	0.000	0.000	0.000	0.000	0.000
300	0.000	0.000	0.000	0.000	0.000	0.000	0.000	0.000	0.000	0.368	0.211	0.000	0.000	0.000	0.000	0.000	0.000	0.000	0.105	0.316
301	0.000	0.000	0.000	0.000	0.000	0.000	0.000	0.000	0.000	0.474	0.421	0.000	0.000	0.000	0.000	0.000	0.000	0.000	0.000	0.105
302	0.053	0.000	0.000	0.000	0.000	0.000	0.000	0.053	0.000	0.474	0.000	0.000	0.000	0.000	0.000	0.000	0.000	0.000	0.053	0.368
303	0.000	0.053	0.000	0.789	0.000	0.053	0.105	0.000	0.000	0.000	0.000	0.000	0.000	0.000	0.000	0.000	0.000	0.000	0.000	0.000
304	0.053	0.000	0.000	0.000	0.000	0.000	0.000	0.000	0.000	0.000	0.053	0.000	0.000	0.684	0.053	0.000	0.000	0.053	0.000	0.105
305	0.105	0.158	0.053	0.000	0.000	0.000	0.000	0.000	0.000	0.053	0.000	0.000	0.000	0.000	0.053	0.316	0.263	0.000	0.000	0.000
306	0.474	0.105	0.000	0.105	0.000	0.000	0.000	0.105	0.000	0.053	0.000	0.053	0.000	0.000	0.000	0.000	0.105	0.000	0.000	0.000
307	0.105	0.000	0.053	0.053	0.000	0.053	0.053	0.000	0.105	0.000	0.105	0.000	0.000	0.105	0.000	0.000	0.053	0.000	0.316	0.000
308	0.211	0.000	0.000	0.105	0.053	0.000	0.421	0.053	0.000	0.000	0.000	0.105	0.000	0.000	0.053	0.000	0.000	0.000	0.000	0.000
309	0.053	0.053	0.105	0.000	0.000	0.000	0.000	0.632	0.053	0.000	0.000	0.000	0.000	0.000	0.105	0.000	0.000	0.000	0.000	0.000
310	0.000	0.105	0.000	0.000	0.000	0.158	0.211	0.000	0.000	0.053	0.000	0.263	0.000	0.158	0.000	0.000	0.053	0.000	0.000	0.000
311	0.000	0.105	0.053	0.053	0.000	0.000	0.000	0.053	0.053	0.000	0.053	0.000	0.000	0.000	0.000	0.316	0.263	0.000	0.053	0.000
312	0.000	0.000	0.000	0.000	0.000	0.000	0.000	0.000	0.053	0.474	0.263	0.000	0.000	0.053	0.000	0.000	0.000	0.053	0.000	0.105
313	0.000	0.105	0.000	0.000	0.000	0.053	0.000	0.000	0.053	0.368	0.053	0.000	0.000	0.053	0.000	0.000	0.158	0.000	0.000	0.158
314	0.053	0.000	0.000	0.000	0.053	0.000	0.000	0.000	0.000	0.053	0.684	0.000	0.000	0.053	0.000	0.000	0.105	0.000	0.000	0.000
315	0.316	0.000	0.000	0.053	0.000	0.053	0.000	0.000	0.000	0.000	0.105	0.211	0.053	0.000	0.053	0.000	0.053	0.000	0.000	0.105
316	0.000	0.000	0.737	0.105	0.000	0.000	0.000	0.000	0.000	0.000	0.000	0.000	0.000	0.000	0.105	0.000	0.053	0.000	0.000	0.000
317	0.053	0.158	0.000	0.000	0.000	0.053	0.000	0.105	0.000	0.000	0.000	0.158	0.053	0.000	0.000	0.316	0.000	0.000	0.053	0.053
318	0.368	0.000	0.000	0.105	0.000	0.000	0.105	0.158	0.000	0.105	0.000	0.000	0.053	0.000	0.000	0.053	0.053	0.000	0.000	0.000
319	0.053	0.158	0.000	0.000	0.000	0.053	0.000	0.632	0.000	0.000	0.000	0.000	0.000	0.000	0.000	0.053	0.000	0.000	0.000	0.000
320	0.105	0.000	0.000	0.000	0.526	0.000	0.000	0.000	0.000	0.000	0.105	0.000	0.000	0.053	0.105	0.000	0.000	0.000	0.000	0.000
321	0.053	0.000	0.000	0.000	0.000	0.105	0.000	0.474	0.000	0.053	0.053	0.000	0.000	0.000	0.105	0.053	0.000	0.000	0.000	0.000
322	0.000	0.000	0.000	0.000	0.000	0.105	0.000	0.789	0.000	0.000	0.000	0.000	0.000	0.000	0.000	0.000	0.000	0.000	0.000	0.000
323	0.053	0.000	0.000	0.526	0.000	0.000	0.000	0.053	0.000	0.000	0.000	0.000	0.000	0.105	0.053	0.000	0.000	0.000	0.000	0.105
324	0.158	0.000	0.000	0.053	0.000	0.000	0.053	0.000	0.000	0.000	0.000	0.000	0.053	0.000	0.105	0.105	0.000	0.000	0.000	0.368
325	0.000	0.053	0.421	0.316	0.000	0.000	0.000	0.053	0.000	0.000	0.000	0.053	0.000	0.000	0.000	0.000	0.000	0.000	0.000	0.000
326	0.000	0.000	0.000	0.000	0.000	0.000	0.000	0.000	0.000	0.000	0.000	0.053	0.000	0.000	0.842	0.000	0.000	0.000	0.000	0.000
327	0.158	0.053	0.000	0.158	0.000	0.000	0.474	0.000	0.053	0.000	0.000	0.000	0.000	0.000	0.000	0.000	0.000	0.000	0.000	0.000
328	0.053	0.000	0.053	0.000	0.000	0.000	0.000	0.053	0.000	0.000	0.053	0.000	0.000	0.000	0.105	0.000	0.579	0.000	0.000	0.000
329	0.000	0.000	0.053	0.579	0.000	0.000	0.000	0.000	0.000	0.000	0.105	0.000	0.000	0.000	0.000	0.000	0.000	0.000	0.000	0.000
330	0.526	0.000	0.000	0.000	0.000	0.000	0.000	0.000	0.000	0.000	0.105	0.000	0.000	0.000	0.000	0.000	0.053	0.000	0.000	0.105
331	0.000	0.105	0.474	0.105	0.000	0.000	0.000	0.000	0.000	0.000	0.000	0.000	0.000	0.000	0.000	0.000	0.053	0.000	0.053	0.000
332	0.000	0.000	0.000	0.000	0.000	0.000	0.000	0.000	0.000	0.474	0.158	0.000	0.053	0.000	0.000	0.000	0.000	0.000	0.000	0.263
333	0.000	0.000	0.000	0.053	0.000	0.000	0.000	0.053	0.000	0.053	0.000	0.000	0.737	0.000	0.000	0.000	0.000	0.000	0.000	0.053
334	0.053	0.053	0.000	0.000	0.000	0.579	0.158	0.000	0.053	0.000	0.000	0.053	0.000	0.000	0.000	0.000	0.000	0.000	0.000	0.000
335	0.000	0.000	0.000	0.053	0.000	0.000	0.000	0.000	0.000	0.053	0.000	0.053	0.000	0.684	0.053	0.000	0.000	0.000	0.000	0.053
336	0.000	0.579	0.000	0.000	0.000	0.000	0.000	0.000	0.000	0.000	0.000	0.158	0.053	0.000	0.000	0.000	0.053	0.000	0.000	0.053
337	0.000	0.000	0.053	0.000	0.000	0.000	0.000	0.053	0.000	0.105	0.000	0.000	0.000	0.000	0.000	0.000	0.000	0.000	0.000	0.684
338	0.000	0.053	0.000	0.000	0.000	0.000	0.053	0.053	0.000	0.000	0.000	0.000	0.000	0.000	0.053	0.211	0.474	0.000	0.000	0.000
339	0.000	0.053	0.000	0.053	0.000	0.053	0.158	0.105	0.053	0.000	0.000	0.474	0.000	0.000	0.000	0.000	0.000	0.000	0.000	0.000
340	0.000	0.053	0.000	0.000	0.000	0.000	0.053	0.053	0.000	0.000	0.000	0.053	0.000	0.000	0.632	0.000	0.000	0.000	0.000	0.000
341	0.000	0.000	0.000	0.000	0.053	0.000	0.000	0.000	0.053	0.105	0.632	0.000	0.000	0.000	0.000	0.105	0.000	0.000	0.000	0.000
342	0.263	0.000	0.000	0.000	0.053	0.000	0.000	0.105	0.000	0.000	0.000	0.316	0.000	0.000	0.053	0.000	0.053	0.000	0.000	0.000
343	0.000	0.000	0.000	0.000	0.000	0.368	0.053	0.263	0.000	0.053	0.000	0.000	0.000	0.000	0.053	0.000	0.053	0.000	0.000	0.000
344	0.053	0.105	0.000	0.053	0.000	0.000	0.105	0.000	0.053	0.000	0.000	0.368	0.000	0.000	0.000	0.053	0.053	0.000	0.000	0.000
345	0.158	0.000	0.053	0.632	0.000	0.053	0.000	0.000	0.000	0.000	0.000	0.000	0.000	0.000	0.000	0.000	0.000	0.000	0.000	0.000
346	0.105	0.053	0.000	0.000	0.000	0.000	0.263	0.000	0.000	0.000	0.000	0.000	0.053	0.000	0.105	0.053	0.316	0.000	0.000	0.000
347	0.053	0.000	0.000	0.053	0.000	0.000	0.000	0.053	0.000	0.000	0.000	0.158	0.000	0.105	0.000	0.474	0.053	0.000	0.000	0.000
348	0.211	0.368	0.000	0.000	0.000	0.000	0.105	0.000	0.000	0.000	0.000	0.000	0.000	0.000	0.053	0.158	0.053	0.000	0.000	0.053
349	0.000	0.053	0.000	0.053	0.000	0.053	0.000	0.000	0.000	0.000	0.474	0.316	0.053	0.000	0.000	0.000	0.000	0.000	0.000	0.000
350	0.000	0.105	0.000	0.000	0.000	0.000	0.000	0.000	0.000	0.000	0.000	0.053	0.000	0.000	0.842	0.000	0.000	0.000	0.000	0.000
351	0.000	0.105	0.000	0.105	0.000	0.000	0.105	0.000	0.000	0.000	0.000	0.368	0.000	0.000	0.105	0.053	0.053	0.000	0.000	0.000
352	0.053	0.000	0.000	0.000	0.000	0.000	0.000	0.000	0.000	0.211	0.000	0.000	0.000	0.000	0.000	0.105	0.105	0.000	0.316	0.105
353	0.053	0.000	0.000	0.000	0.000	0.000	0.000	0.000	0.000	0.000	0.737	0.000	0.000	0.053	0.000	0.000	0.000	0.000	0.053	0.000
354	0.316	0.105	0.000	0.000	0.000	0.000	0.000	0.000	0.000	0.000	0.000	0.105	0.000	0.000	0.000	0.421	0.000	0.000	0.000	0.000
355	0.053	0.053	0.000	0.000	0.000	0.000	0.053	0.000	0.000	0.000	0.000	0.105	0.000	0.000	0.211	0.474	0.000	0.000	0.000	0.000
356	0.053	0.105	0.000	0.000	0.000	0.000	0.000	0.000	0.000	0.053	0.158	0.000	0.053	0.158	0.000	0.000	0.053	0.000	0.316	0.000
357	0.000	0.105	0.000	0.000	0.000	0.053	0.000	0.000	0.000	0.000	0.000	0.000	0.000	0.000	0.789	0.000	0.000	0.000	0.000	0.000
358	0.211	0.105	0.000	0.053	0.000	0.000	0.000	0.000	0.000	0.000	0.000	0.053	0.000	0.105	0.105	0.263	0.053	0.000	0.000	0.000
359	0.000	0.000	0.000	0.000	0.000	0.000	0.000	0.000	0.105	0.000	0.368	0.000	0.053	0.000	0.000	0.053	0.000	0.000	0.105	0.263
360	0.000	0.211	0.000	0.000	0.000	0.263	0.000	0.000	0.000	0.000	0.000	0.000	0.000	0.000	0.263	0.000	0.158	0.000	0.053	0.000
361	0.105	0.105	0.105	0.053	0.000	0.000	0.000	0.000	0.263	0.000	0.000	0.000	0.000	0.000	0.158	0.105	0.053	0.000	0.000	0.000
362	0.000	0.000	0.053	0.105	0.000	0.000	0.316	0.000	0.105	0.000	0.053	0.053	0.000	0.000	0.105	0.158	0.000	0.000	0.000	0.000
363	0.000	0.421	0.000	0.000	0.000	0.000	0.158	0.000	0.000	0.105	0.000	0.105	0.000	0.000	0.000	0.053	0.053	0.000	0.000	0.053
364	0.158	0.053	0.000	0.053	0.000	0.000	0.105	0.053	0.000	0.421	0.000	0.000	0.000	0.000	0.000	0.000	0.000	0.000	0.000	0.105
365	0.053	0.000	0.158	0.105	0.000	0.211	0.000	0.000	0.211	0.000	0.053	0.000	0.000	0.000	0.000	0.000	0.158	0.000	0.000	0.000
366	0.053	0.053	0.421	0.000	0.000	0.053	0.000	0.105	0.000	0.000	0.000	0.053	0.000	0.000	0.000	0.053	0.105	0.000	0.000	0.000
367	0.000	0.000	0.000	0.000	0.000	0.000	0.105	0.000	0.105	0.316	0.158	0.000	0.000	0.000	0.053	0.000	0.000	0.000	0.000	0.105
368	0.053	0.789	0.000	0.000	0.000	0.000	0.053	0.000	0.000	0.000	0.000	0.000	0.000	0.000	0.000	0.000	0.000	0.000	0.000	0.053
369	0.000	0.053	0.105	0.000	0.000	0.000	0.105	0.000	0.000	0.000	0.105	0.053	0.000	0.000	0.000	0.053	0.421	0.000	0.053	0.000
370	0.000	0.000	0.000	0.000	0.000	0.000	0.000	0.000	0.000	0.105	0.684	0.000	0.158	0.000	0.000	0.000	0.000	0.000	0.000	0.000
371	0.000	0.000	0.000	0.053	0.000	0.053	0.000	0.000	0.000	0.000	0.000	0.316	0.000	0.000	0.053	0.105	0.211	0.000	0.000	0.158
372	0.000	0.000	0.000	0.000	0.000	0.000	0.000	0.000	0.053	0.000	0.842	0.000	0.053	0.000	0.000	0.000	0.000	0.000	0.000	0.000
373	0.263	0.000	0.000	0.053	0.000	0.000	0.000	0.158	0.000	0.000	0.000	0.000	0.000	0.000	0.000	0.105	0.263	0.000	0.000	0.000
374	0.211	0.000	0.105	0.000	0.000	0.000	0.000	0.474	0.000	0.000	0.000	0.000	0.053	0.000	0.105	0.000	0.000	0.000	0.000	0.000
375	0.053	0.000	0.000	0.000	0.000	0.000	0.000	0.000	0.000	0.000	0.053	0.000	0.158	0.000	0.000	0.053	0.684	0.000	0.000	0.000
376	0.053	0.000	0.000	0.000	0.000	0.526	0.105	0.000	0.000	0.000	0.105	0.105	0.000	0.000	0.000	0.000	0.000	0.000	0.000	0.105
377	0.000	0.000	0.000	0.789	0.000	0.000	0.000	0.158	0.000	0.000	0.000	0.000	0.000	0.000	0.000	0.000	0.000	0.000	0.000	0.053
378	0.000	0.053	0.000	0.000	0.000	0.105	0.211	0.105	0.000	0.000	0.000	0.158	0.316	0.000	0.000	0.000	0.000	0.000	0.053	0.000
379	0.000	0.000	0.053	0.000	0.000	0.053	0.000	0.158	0.000	0.000	0.000	0.000	0.211	0.000	0.000	0.000	0.000	0.000	0.526	0.000
380	0.105	0.000	0.000	0.000	0.000	0.000	0.000	0.842	0.000	0.000	0.000	0.000	0.000	0.000	0.000	0.053	0.000	0.000	0.000	0.000
381	0.053	0.526	0.000	0.000	0.000	0.000	0.000	0.053	0.105	0.000	0.053	0.000	0.105	0.000	0.000	0.105	0.000	0.000	0.000	0.000
382	0.053	0.105	0.000	0.053	0.000	0.053	0.053	0.000	0.000	0.053	0.000	0.000	0.000	0.000	0.632	0.000	0.000	0.000	0.000	0.000
383	0.053	0.000	0.000	0.000	0.000	0.000	0.000	0.000	0.000	0.211	0.000	0.000	0.000	0.000	0.000	0.053	0.158	0.000	0.000	0.421
384	0.000	0.000	0.053	0.000	0.000	0.000	0.000	0.000	0.053	0.000	0.526	0.000	0.000	0.105	0.000	0.000	0.000	0.105	0.105	0.000
385	0.053	0.105	0.000	0.000	0.000	0.000	0.000	0.000	0.000	0.000	0.474	0.053	0.000	0.053	0.000	0.105	0.105	0.000	0.000	0.000
386	0.000	0.105	0.000	0.000	0.000	0.000	0.000	0.000	0.000	0.158	0.579	0.000	0.000	0.105	0.000	0.000	0.000	0.000	0.000	0.000
387	0.000	0.000	0.684	0.158	0.000	0.000	0.000	0.000	0.000	0.000	0.000	0.000	0.000	0.000	0.000	0.000	0.105	0.000	0.000	0.000
388	0.053	0.000	0.526	0.000	0.000	0.000	0.000	0.316	0.000	0.000	0.000	0.000	0.000	0.000	0.000	0.053	0.000	0.000	0.000	0.000
389	0.000	0.105	0.000	0.000	0.000	0.263	0.000	0.000	0.053	0.053	0.053	0.316	0.000	0.000	0.000	0.000	0.105	0.000	0.000	0.000
390	0.053	0.316	0.000	0.000	0.000	0.000	0.000	0.000	0.000	0.000	0.000	0.105	0.000	0.105	0.105	0.053	0.105	0.000	0.000	0.105
391	0.000	0.000	0.000	0.000	0.000	0.000	0.000	0.053	0.000	0.000	0.000	0.000	0.000	0.368	0.000	0.000	0.000	0.526	0.000	0.000
392	0.000	0.000	0.211	0.000	0.000	0.000	0.000	0.105	0.526	0.000	0.000	0.000	0.053	0.000	0.000	0.053	0.053	0.000	0.000	0.000
393	0.053	0.053	0.053	0.632	0.000	0.053	0.105	0.053	0.000	0.000	0.000	0.000	0.000	0.000	0.000	0.000	0.000	0.000	0.000	0.000
394	0.000	0.053	0.053	0.000	0.000	0.000	0.105	0.105	0.000	0.000	0.000	0.053	0.000	0.000	0.579	0.000	0.053	0.000	0.000	0.000
395	0.000	0.000	0.000	0.053	0.000	0.000	0.000	0.000	0.000	0.053	0.105	0.000	0.000	0.000	0.211	0.000	0.000	0.000	0.000	0.579
396	0.053	0.000	0.000	0.105	0.000	0.000	0.053	0.105	0.000	0.000	0.105	0.000	0.053	0.000	0.000	0.000	0.526	0.000	0.000	0.000
397	0.000	0.105	0.000	0.000	0.000	0.000	0.526	0.000	0.053	0.000	0.053	0.000	0.053	0.158	0.053	0.000	0.000	0.000	0.000	0.000
398	0.263	0.000	0.105	0.053	0.000	0.000	0.000	0.053	0.000	0.000	0.000	0.053	0.000	0.000	0.000	0.053	0.316	0.000	0.000	0.053
399	0.053	0.000	0.000	0.000	0.000	0.000	0.000	0.105	0.000	0.053	0.105	0.000	0.000	0.053	0.579	0.000	0.000	0.000	0.000	0.053
400	0.263	0.158	0.053	0.000	0.000	0.105	0.053	0.000	0.000	0.000	0.000	0.263	0.053	0.000	0.000	0.000	0.053	0.000	0.000	0.000
401	0.158	0.053	0.000	0.000	0.000	0.000	0.105	0.000	0.000	0.000	0.368	0.053	0.000	0.053	0.000	0.000	0.000	0.000	0.053	0.158
402	0.000	0.000	0.000	0.000	0.000	0.053	0.000	0.895	0.000	0.000	0.000	0.000	0.000	0.000	0.000	0.053	0.000	0.000	0.000	0.000
403	0.053	0.000	0.000	0.000	0.000	0.158	0.053	0.000	0.000	0.000	0.000	0.000	0.000	0.000	0.000	0.421	0.263	0.000	0.000	0.053
404	0.000	0.053	0.000	0.000	0.000	0.000	0.000	0.000	0.053	0.000	0.000	0.000	0.000	0.000	0.000	0.000	0.526	0.053	0.105	0.211
405	0.053	0.000	0.000	0.000	0.000	0.053	0.789	0.000	0.000	0.000	0.000	0.053	0.053	0.000	0.000	0.000	0.000	0.000	0.000	0.000
406	0.000	0.211	0.000	0.000	0.000	0.105	0.000	0.000	0.000	0.474	0.000	0.000	0.000	0.000	0.000	0.000	0.000	0.000	0.000	0.211
407	0.000	0.053	0.000	0.000	0.000	0.000	0.000	0.000	0.000	0.105	0.000	0.000	0.000	0.000	0.000	0.000	0.000	0.842	0.000	0.000
408	0.000	0.053	0.105	0.000	0.000	0.000	0.158	0.000	0.000	0.000	0.000	0.000	0.000	0.000	0.000	0.579	0.000	0.000	0.000	0.105
409	0.000	0.000	0.000	0.000	0.000	0.000	0.000	0.053	0.000	0.579	0.211	0.000	0.000	0.105	0.000	0.000	0.000	0.000	0.000	0.053
410	0.000	0.000	0.000	0.000	0.053	0.053	0.053	0.000	0.000	0.421	0.105	0.000	0.000	0.000	0.000	0.053	0.000	0.000	0.000	0.263
411	0.000	0.000	0.842	0.000	0.000	0.000	0.000	0.053	0.000	0.000	0.000	0.000	0.000	0.000	0.000	0.053	0.053	0.000	0.000	0.000
412	0.158	0.053	0.000	0.105	0.000	0.053	0.053	0.000	0.000	0.000	0.105	0.000	0.000	0.000	0.421	0.000	0.000	0.000	0.000	0.053
413	0.105	0.000	0.000	0.000	0.000	0.000	0.000	0.316	0.000	0.000	0.000	0.000	0.000	0.000	0.000	0.053	0.526	0.000	0.000	0.000
414	0.000	0.579	0.000	0.158	0.000	0.000	0.000	0.053	0.000	0.000	0.053	0.000	0.053	0.000	0.105	0.000	0.000	0.000	0.000	0.000
415	0.158	0.000	0.000	0.000	0.000	0.000	0.000	0.474	0.000	0.053	0.000	0.000	0.158	0.053	0.000	0.000	0.000	0.000	0.053	0.053
416	0.053	0.053	0.000	0.053	0.000	0.053	0.000	0.000	0.000	0.105	0.000	0.000	0.053	0.000	0.105	0.053	0.368	0.000	0.000	0.105
417	0.000	0.000	0.000	0.053	0.000	0.000	0.000	0.000	0.947	0.000	0.000	0.000	0.000	0.000	0.000	0.000	0.000	0.000	0.000	0.000
418	0.000	0.000	0.000	0.000	0.000	0.000	0.000	0.053	0.000	0.000	0.000	0.000	0.000	0.000	0.947	0.000	0.000	0.000	0.000	0.000
419	0.000	0.000	0.000	0.000	0.000	0.000	0.000	0.000	0.000	0.684	0.000	0.000	0.105	0.105	0.000	0.000	0.000	0.000	0.053	0.000
420	0.000	0.000	0.000	0.000	0.000	0.000	0.000	0.000	0.947	0.000	0.000	0.000	0.000	0.000	0.000	0.000	0.000	0.000	0.000	0.000
421	0.000	0.000	0.000	0.000	0.000	0.000	0.000	0.000	0.000	0.211	0.737	0.000	0.000	0.000	0.000	0.000	0.000	0.000	0.000	0.000
422	0.000	0.000	0.000	0.000	0.000	0.000	0.000	0.000	0.947	0.000	0.000	0.000	0.000	0.000	0.000	0.000	0.000	0.000	0.000	0.000
423	0.000	0.000	0.000	0.000	0.000	0.000	0.000	0.158	0.000	0.000	0.684	0.000	0.000	0.000	0.000	0.000	0.000	0.000	0.000	0.105
424	0.105	0.000	0.053	0.000	0.000	0.000	0.000	0.000	0.105	0.000	0.000	0.000	0.000	0.000	0.000	0.000	0.053	0.000	0.000	0.632
425	0.000	0.000	0.000	0.105	0.000	0.263	0.000	0.000	0.053	0.000	0.000	0.000	0.000	0.000	0.105	0.316	0.053	0.053	0.000	0.000
426	0.000	0.000	0.000	0.000	0.000	0.000	0.000	0.000	0.000	0.000	0.000	0.000	0.000	0.895	0.000	0.053	0.000	0.000	0.000	0.000
427	0.000	0.474	0.000	0.053	0.000	0.211	0.000	0.000	0.000	0.000	0.053	0.000	0.053	0.053	0.000	0.000	0.000	0.000	0.053	0.000
428	0.053	0.000	0.000	0.000	0.000	0.000	0.053	0.000	0.000	0.211	0.105	0.000	0.000	0.000	0.000	0.000	0.000	0.000	0.000	0.526
429	0.000	0.000	0.000	0.000	0.000	0.000	0.053	0.000	0.000	0.211	0.579	0.000	0.000	0.000	0.000	0.000	0.000	0.000	0.053	0.053
430	0.000	0.053	0.053	0.526	0.000	0.000	0.000	0.211	0.000	0.000	0.000	0.000	0.000	0.000	0.000	0.105	0.000	0.000	0.000	0.000
431	0.105	0.579	0.000	0.000	0.000	0.000	0.053	0.000	0.105	0.000	0.000	0.000	0.000	0.000	0.000	0.000	0.053	0.000	0.000	0.053
432	0.000	0.526	0.053	0.158	0.000	0.053	0.000	0.158	0.000	0.000	0.000	0.000	0.000	0.000	0.000	0.000	0.000	0.000	0.000	0.000
433	0.053	0.000	0.000	0.000	0.000	0.000	0.000	0.000	0.000	0.000	0.000	0.000	0.000	0.000	0.632	0.000	0.053	0.000	0.000	0.000
434	0.000	0.000	0.000	0.105	0.000	0.000	0.000	0.000	0.000	0.000	0.000	0.000	0.000	0.526	0.000	0.000	0.000	0.000	0.105	0.000
435	0.000	0.000	0.000	0.632	0.000	0.000	0.000	0.000	0.000	0.000	0.000	0.000	0.000	0.000	0.000	0.000	0.000	0.000	0.000	0.000
436	0.000	0.000	0.000	0.000	0.000	0.000	0.000	0.000	0.000	0.316	0.053	0.000	0.000	0.000	0.000	0.000	0.158	0.000	0.000	0.105
437	0.263	0.000	0.000	0.053	0.000	0.000	0.211	0.000	0.000	0.000	0.000	0.000	0.000	0.000	0.000	0.105	0.000	0.000	0.000	0.000
438	0.000	0.421	0.000	0.000	0.000	0.000	0.000	0.105	0.000	0.053	0.000	0.000	0.000	0.000	0.000	0.000	0.000	0.000	0.000	0.053
439	0.000	0.000	0.000	0.000	0.000	0.000	0.000	0.000	0.000	0.000	0.000	0.000	0.000	0.158	0.000	0.000	0.000	0.000	0.474	0.000
440	0.000	0.000	0.053	0.105	0.000	0.368	0.053	0.000	0.000	0.000	0.000	0.053	0.000	0.000	0.000	0.000	0.000	0.000	0.000	0.000
441	0.000	0.000	0.000	0.000	0.000	0.000	0.368	0.000	0.000	0.000	0.000	0.053	0.000	0.000	0.053	0.105	0.000	0.000	0.000	0.053
442	0.053	0.105	0.105	0.000	0.000	0.000	0.000	0.000	0.000	0.000	0.000	0.000	0.000	0.053	0.000	0.158	0.158	0.000	0.000	0.000
443	0.053	0.000	0.000	0.000	0.000	0.000	0.000	0.526	0.000	0.053	0.000	0.000	0.000	0.000	0.000	0.000	0.000	0.000	0.000	0.000
444	0.000	0.000	0.000	0.053	0.000	0.000	0.474	0.105	0.000	0.000	0.000	0.000	0.000	0.000	0.000	0.000	0.000	0.000	0.000	0.000
445	0.000	0.000	0.000	0.000	0.000	0.000	0.000	0.105	0.000	0.158	0.368	0.000	0.000	0.000	0.000	0.000	0.000	0.000	0.000	0.000
446	0.053	0.000	0.000	0.000	0.000	0.000	0.000	0.053	0.000	0.000	0.000	0.000	0.000	0.053	0.000	0.158	0.105	0.000	0.000	0.211
447	0.000	0.105	0.000	0.000	0.000	0.000	0.000	0.000	0.000	0.000	0.000	0.000	0.000	0.158	0.000	0.000	0.000	0.000	0.368	0.000
448	0.053	0.000	0.000	0.000	0.000	0.000	0.000	0.000	0.000	0.000	0.000	0.000	0.000	0.000	0.000	0.053	0.526	0.000	0.000	0.000
449	0.053	0.000	0.000	0.000	0.000	0.000	0.000	0.947	0.000	0.000	0.000	0.000	0.000	0.000	0.000	0.000	0.000	0.000	0.000	0.000
450	0.000	0.053	0.053	0.000	0.000	0.000	0.105	0.000	0.000	0.000	0.000	0.053	0.000	0.000	0.526	0.000	0.158	0.053	0.000	0.000
451	0.421	0.000	0.105	0.000	0.000	0.000	0.000	0.000	0.000	0.000	0.000	0.000	0.000	0.000	0.105	0.000	0.053	0.000	0.000	0.000
452	0.053	0.000	0.000	0.000	0.000	0.053	0.105	0.000	0.000	0.053	0.000	0.000	0.000	0.053	0.000	0.000	0.000	0.000	0.053	0.421
453	0.105	0.000	0.000	0.000	0.000	0.000	0.053	0.000	0.000	0.000	0.000	0.000	0.000	0.000	0.684	0.000	0.000	0.000	0.000	0.000
454	0.000	0.000	0.053	0.000	0.000	0.000	0.000	0.000	0.000	0.000	0.105	0.000	0.000	0.000	0.632	0.000	0.000	0.000	0.000	0.000
455	0.211	0.000	0.000	0.053	0.000	0.000	0.000	0.000	0.000	0.000	0.000	0.000	0.000	0.000	0.526	0.000	0.000	0.000	0.000	0.000
456	0.053	0.000	0.000	0.000	0.000	0.053	0.000	0.000	0.000	0.000	0.105	0.000	0.000	0.000	0.579	0.000	0.000	0.000	0.000	0.000
457	0.000	0.000	0.316	0.000	0.000	0.053	0.000	0.053	0.158	0.000	0.000	0.000	0.000	0.000	0.000	0.263	0.000	0.000	0.000	0.000
458	0.000	0.053	0.000	0.000	0.000	0.053	0.684	0.000	0.000	0.000	0.053	0.000	0.000	0.053	0.000	0.000	0.053	0.000	0.053	0.000
459	0.053	0.105	0.000	0.000	0.000	0.211	0.000	0.105	0.000	0.000	0.105	0.421	0.000	0.000	0.000	0.000	0.000	0.000	0.000	0.000
460	0.158	0.000	0.000	0.000	0.000	0.000	0.000	0.737	0.000	0.000	0.053	0.000	0.000	0.000	0.000	0.000	0.000	0.000	0.000	0.053
461	0.000	0.053	0.000	0.000	0.000	0.000	0.000	0.000	0.053	0.000	0.158	0.000	0.000	0.000	0.053	0.000	0.000	0.526	0.158	0.000
462	0.000	0.105	0.000	0.000	0.000	0.000	0.053	0.000	0.000	0.000	0.000	0.842	0.000	0.000	0.000	0.000	0.000	0.000	0.000	0.000
463	0.000	0.000	0.000	0.895	0.000	0.000	0.000	0.000	0.053	0.000	0.000	0.000	0.000	0.000	0.000	0.000	0.000	0.053	0.000	0.000
464	0.000	0.000	0.000	0.000	0.000	0.000	0.000	0.000	0.000	0.000	0.000	0.000	0.000	0.000	0.000	0.000	0.842	0.000	0.000	0.158
465	0.000	0.000	0.000	0.000	0.000	0.000	0.000	0.053	0.000	0.368	0.053	0.000	0.000	0.105	0.000	0.000	0.053	0.000	0.000	0.368
466	0.053	0.158	0.053	0.053	0.000	0.421	0.053	0.000	0.000	0.000	0.053	0.158	0.000	0.000	0.000	0.000	0.000	0.000	0.000	0.000
467	0.421	0.000	0.000	0.000	0.000	0.000	0.000	0.000	0.000	0.053	0.105	0.000	0.053	0.000	0.000	0.053	0.000	0.000	0.000	0.316
468	0.000	0.000	0.000	0.105	0.000	0.000	0.105	0.000	0.421	0.000	0.053	0.053	0.000	0.000	0.263	0.000	0.000	0.000	0.000	0.000
469	0.474	0.000	0.000	0.053	0.000	0.000	0.000	0.053	0.000	0.053	0.000	0.000	0.000	0.000	0.263	0.053	0.000	0.000	0.000	0.000
470	0.000	0.000	0.053	0.000	0.000	0.000	0.000	0.895	0.000	0.000	0.000	0.000	0.000	0.000	0.000	0.000	0.053	0.000	0.000	0.000
471	0.000	0.000	0.053	0.053	0.000	0.158	0.579	0.000	0.000	0.000	0.000	0.000	0.000	0.000	0.000	0.105	0.053	0.000	0.000	0.000
472	0.000	0.105	0.000	0.000	0.000	0.000	0.000	0.000	0.000	0.053	0.000	0.105	0.053	0.000	0.000	0.000	0.053	0.000	0.000	0.632
473	0.053	0.105	0.105	0.000	0.000	0.000	0.000	0.000	0.000	0.158	0.368	0.000	0.000	0.000	0.000	0.053	0.105	0.000	0.000	0.053
474	0.000	0.737	0.000	0.053	0.000	0.000	0.053	0.000	0.000	0.000	0.000	0.053	0.000	0.000	0.000	0.105	0.000	0.000	0.000	0.000
475	0.000	0.000	0.053	0.000	0.000	0.000	0.000	0.000	0.000	0.579	0.053	0.000	0.000	0.053	0.000	0.000	0.053	0.000	0.053	0.158
476	0.316	0.053	0.000	0.000	0.000	0.053	0.000	0.000	0.000	0.211	0.158	0.000	0.105	0.000	0.000	0.000	0.053	0.000	0.000	0.053
477	0.421	0.000	0.000	0.000	0.053	0.000	0.000	0.105	0.000	0.053	0.000	0.000	0.000	0.000	0.000	0.000	0.000	0.000	0.000	0.368
478	0.053	0.211	0.000	0.000	0.000	0.000	0.000	0.000	0.000	0.000	0.000	0.105	0.000	0.000	0.053	0.000	0.526	0.000	0.000	0.053
479	0.053	0.000	0.000	0.000	0.000	0.000	0.000	0.000	0.000	0.000	0.053	0.000	0.000	0.789	0.053	0.000	0.000	0.000	0.053	0.000
480	0.158	0.053	0.053	0.211	0.000	0.053	0.053	0.263	0.000	0.000	0.000	0.000	0.000	0.000	0.000	0.053	0.000	0.000	0.000	0.105
481	0.053	0.000	0.053	0.000	0.000	0.000	0.105	0.158	0.053	0.000	0.000	0.000	0.000	0.000	0.579	0.000	0.000	0.000	0.000	0.000
482	0.105	0.000	0.000	0.000	0.000	0.000	0.000	0.000	0.000	0.000	0.000	0.053	0.000	0.000	0.000	0.000	0.000	0.000	0.632	0.000
483	0.000	0.000	0.000	0.000	0.000	0.000	0.053	0.000	0.000	0.000	0.053	0.053	0.000	0.000	0.053	0.474	0.158	0.000	0.105	0.000
484	0.000	0.000	0.000	0.000	0.000	0.000	0.000	0.895	0.053	0.000	0.000	0.000	0.000	0.000	0.000	0.000	0.000	0.000	0.000	0.000
485	0.105	0.737	0.053	0.000	0.000	0.053	0.000	0.000	0.000	0.000	0.000	0.000	0.000	0.000	0.000	0.000	0.000	0.000	0.000	0.000
486	0.000	0.000	0.000	0.000	0.000	0.000	0.000	0.000	0.000	0.000	0.000	0.000	0.000	0.211	0.000	0.000	0.053	0.105	0.579	0.000
487	0.053	0.000	0.000	0.000	0.000	0.000	0.000	0.000	0.000	0.000	0.053	0.000	0.158	0.000	0.053	0.000	0.000	0.000	0.000	0.632
488	0.053	0.000	0.000	0.000	0.000	0.000	0.000	0.000	0.000	0.000	0.105	0.000	0.000	0.053	0.000	0.000	0.000	0.579	0.158	0.000
489	0.000	0.000	0.000	0.000	0.000	0.000	0.000	0.000	0.947	0.000	0.000	0.000	0.000	0.000	0.000	0.000	0.000	0.000	0.000	0.000
490	0.000	0.000	0.000	0.000	0.947	0.000	0.000	0.000	0.000	0.000	0.000	0.000	0.000	0.000	0.000	0.000	0.000	0.000	0.000	0.000
491	0.000	0.000	0.000	0.000	0.000	0.000	0.000	0.000	0.947	0.000	0.000	0.000	0.000	0.000	0.000	0.000	0.000	0.000	0.000	0.000
492	0.000	0.000	0.000	0.000	0.000	0.000	0.000	0.000	0.000	0.632	0.211	0.000	0.105	0.000	0.000	0.000	0.000	0.000	0.000	0.000
493	0.000	0.000	0.000	0.000	0.000	0.000	0.000	0.000	0.000	0.000	0.842	0.000	0.053	0.053	0.000	0.000	0.000	0.000	0.000	0.053
494	0.000	0.000	0.000	0.053	0.000	0.000	0.789	0.053	0.000	0.000	0.000	0.053	0.000	0.000	0.000	0.000	0.000	0.000	0.053	0.000
495	0.000	0.000	0.000	0.000	0.000	0.000	0.000	0.000	1.000	0.000	0.000	0.000	0.000	0.000	0.000	0.000	0.000	0.000	0.000	0.000
496	0.000	0.000	0.000	0.000	0.000	0.053	0.842	0.000	0.000	0.000	0.000	0.000	0.053	0.000	0.000	0.000	0.000	0.000	0.000	0.000
497	0.053	0.000	0.000	0.842	0.000	0.000	0.053	0.000	0.000	0.000	0.000	0.000	0.000	0.000	0.000	0.000	0.000	0.000	0.000	0.000
498	0.105	0.053	0.053	0.000	0.000	0.053	0.000	0.000	0.000	0.000	0.000	0.000	0.105	0.000	0.000	0.000	0.053	0.000	0.526	0.000
499	0.000	0.000	0.000	0.526	0.000	0.000	0.000	0.368	0.000	0.000	0.000	0.053	0.000	0.000	0.000	0.000	0.000	0.000	0.000	0.000
500	0.000	0.000	0.000	0.000	0.000	0.000	0.000	0.000	0.000	0.000	0.000	0.000	0.947	0.000	0.000	0.000	0.000	0.000	0.000	0.000
501	0.000	0.000	0.000	0.000	0.000	0.000	0.000	0.000	0.000	0.000	0.000	0.053	0.895	0.000	0.000	0.000	0.000	0.000	0.000	0.000
502	0.000	0.684	0.000	0.000	0.000	0.053	0.000	0.053	0.000	0.053	0.053	0.000	0.000	0.000	0.000	0.000	0.053	0.000	0.000	0.000
503	0.000	0.000	0.000	0.000	0.000	0.000	0.053	0.053	0.000	0.000	0.000	0.053	0.000	0.000	0.684	0.000	0.000	0.053	0.000	0.053
504	0.000	0.000	0.000	0.000	0.000	0.000	0.000	0.000	0.000	0.000	0.158	0.000	0.421	0.211	0.000	0.000	0.000	0.000	0.000	0.158
505	0.000	0.053	0.000	0.421	0.000	0.000	0.211	0.000	0.000	0.000	0.000	0.000	0.000	0.000	0.000	0.000	0.053	0.000	0.000	0.211
506	0.000	0.000	0.000	0.000	0.000	0.000	0.000	0.000	0.000	0.421	0.053	0.000	0.000	0.000	0.000	0.000	0.000	0.000	0.000	0.474
507	0.053	0.000	0.000	0.000	0.000	0.000	0.105	0.053	0.000	0.105	0.000	0.053	0.105	0.000	0.000	0.000	0.421	0.000	0.000	0.000
508	0.000	0.000	0.053	0.421	0.000	0.053	0.105	0.000	0.000	0.000	0.000	0.053	0.000	0.000	0.105	0.000	0.000	0.000	0.000	0.000
509	0.053	0.000	0.000	0.000	0.000	0.000	0.000	0.000	0.000	0.053	0.000	0.053	0.000	0.000	0.368	0.000	0.000	0.000	0.000	0.053
510	0.000	0.105	0.000	0.000	0.000	0.053	0.105	0.000	0.263	0.000	0.000	0.000	0.000	0.000	0.000	0.000	0.000	0.000	0.000	0.053
