	A	R	N	D	C	Q	E	G	H	I	L	K	M	F	P	S	T	W	Y	V
1	0.000	0.000	0.000	0.000	0.000	0.000	0.000	0.000	0.000	0.013	0.038	0.000	0.744	0.000	0.000	0.000	0.000	0.000	0.000	0.013
2	0.051	0.026	0.090	0.013	0.000	0.000	0.038	0.013	0.026	0.026	0.000	0.167	0.000	0.026	0.026	0.115	0.115	0.000	0.000	0.013
3	0.000	0.000	0.013	0.000	0.000	0.026	0.000	0.000	0.000	0.128	0.397	0.013	0.179	0.090	0.000	0.000	0.026	0.000	0.000	0.051
4	0.000	0.026	0.051	0.013	0.000	0.077	0.167	0.013	0.013	0.013	0.000	0.090	0.000	0.000	0.026	0.218	0.167	0.013	0.038	0.000
5	0.013	0.551	0.013	0.000	0.000	0.000	0.000	0.000	0.013	0.000	0.000	0.269	0.000	0.013	0.013	0.013	0.026	0.000	0.000	0.000
6	0.013	0.551	0.013	0.038	0.000	0.000	0.000	0.013	0.000	0.000	0.038	0.013	0.000	0.000	0.000	0.026	0.000	0.000	0.000	0.000
7	0.038	0.115	0.051	0.115	0.000	0.064	0.038	0.051	0.038	0.013	0.000	0.013	0.000	0.000	0.000	0.000	0.090	0.000	0.064	0.000
8	0.051	0.000	0.000	0.013	0.000	0.000	0.000	0.013	0.000	0.026	0.128	0.000	0.026	0.423	0.000	0.000	0.000	0.000	0.000	0.013
9	0.000	0.000	0.000	0.000	0.000	0.013	0.000	0.000	0.013	0.064	0.397	0.000	0.000	0.051	0.000	0.013	0.000	0.000	0.000	0.141
10	0.064	0.013	0.000	0.064	0.000	0.090	0.000	0.038	0.000	0.026	0.064	0.192	0.038	0.026	0.000	0.026	0.051	0.000	0.000	0.000
11	0.051	0.000	0.000	0.000	0.000	0.000	0.000	0.346	0.000	0.000	0.051	0.000	0.000	0.013	0.000	0.026	0.026	0.000	0.026	0.000
12	0.026	0.000	0.000	0.000	0.000	0.000	0.000	0.026	0.000	0.000	0.154	0.000	0.013	0.000	0.000	0.154	0.051	0.000	0.000	0.051
13	0.397	0.000	0.000	0.000	0.000	0.000	0.013	0.026	0.000	0.013	0.026	0.000	0.000	0.000	0.000	0.103	0.051	0.000	0.000	0.026
14	0.385	0.000	0.000	0.000	0.000	0.000	0.000	0.064	0.000	0.013	0.013	0.000	0.038	0.000	0.000	0.077	0.038	0.000	0.000	0.026
15	0.154	0.000	0.000	0.000	0.000	0.000	0.013	0.154	0.000	0.000	0.205	0.000	0.013	0.038	0.000	0.013	0.013	0.000	0.000	0.051
16	0.128	0.000	0.013	0.000	0.000	0.000	0.013	0.269	0.013	0.000	0.051	0.000	0.000	0.013	0.013	0.090	0.013	0.000	0.000	0.038
17	0.141	0.000	0.000	0.000	0.000	0.000	0.000	0.038	0.013	0.038	0.115	0.013	0.013	0.013	0.000	0.013	0.000	0.000	0.000	0.256
18	0.218	0.000	0.000	0.000	0.026	0.000	0.000	0.051	0.000	0.051	0.154	0.000	0.013	0.026	0.000	0.026	0.026	0.013	0.000	0.051
19	0.269	0.000	0.000	0.000	0.000	0.000	0.000	0.115	0.000	0.000	0.064	0.000	0.000	0.013	0.013	0.090	0.064	0.000	0.026	0.000
20	0.295	0.026	0.000	0.000	0.000	0.013	0.000	0.141	0.000	0.013	0.026	0.000	0.013	0.000	0.026	0.051	0.026	0.000	0.000	0.026
21	0.064	0.000	0.000	0.000	0.026	0.000	0.000	0.038	0.000	0.038	0.295	0.038	0.013	0.026	0.000	0.013	0.013	0.000	0.000	0.077
22	0.090	0.013	0.013	0.000	0.013	0.000	0.013	0.141	0.013	0.000	0.000	0.013	0.000	0.000	0.269	0.038	0.013	0.000	0.000	0.000
23	0.026	0.013	0.000	0.000	0.026	0.013	0.013	0.026	0.000	0.000	0.154	0.013	0.000	0.026	0.038	0.128	0.064	0.026	0.013	0.038
24	0.038	0.013	0.000	0.000	0.000	0.013	0.000	0.013	0.051	0.000	0.051	0.013	0.026	0.013	0.038	0.026	0.000	0.090	0.051	0.000
25	0.103	0.000	0.013	0.000	0.000	0.013	0.000	0.051	0.013	0.000	0.013	0.038	0.000	0.000	0.038	0.154	0.000	0.013	0.000	0.064
26	0.051	0.154	0.038	0.000	0.000	0.000	0.013	0.064	0.038	0.000	0.000	0.026	0.013	0.000	0.038	0.051	0.013	0.000	0.013	0.000
27	0.205	0.000	0.013	0.000	0.000	0.038	0.013	0.000	0.000	0.013	0.064	0.026	0.013	0.026	0.000	0.077	0.013	0.000	0.000	0.026
28	0.051	0.013	0.013	0.000	0.000	0.077	0.051	0.013	0.000	0.026	0.026	0.026	0.000	0.000	0.064	0.038	0.051	0.000	0.000	0.077
29	0.026	0.038	0.000	0.000	0.000	0.038	0.038	0.013	0.013	0.013	0.103	0.038	0.000	0.103	0.013	0.026	0.000	0.000	0.000	0.038
30	0.192	0.013	0.013	0.026	0.000	0.026	0.013	0.026	0.000	0.000	0.013	0.013	0.000	0.000	0.077	0.026	0.026	0.013	0.000	0.051
31	0.077	0.051	0.013	0.026	0.000	0.051	0.064	0.026	0.000	0.000	0.000	0.038	0.000	0.000	0.013	0.038	0.038	0.000	0.013	0.000
32	0.154	0.013	0.013	0.013	0.000	0.013	0.000	0.000	0.000	0.000	0.013	0.013	0.000	0.000	0.115	0.051	0.064	0.000	0.000	0.051
33	0.051	0.000	0.013	0.026	0.000	0.000	0.064	0.000	0.000	0.000	0.000	0.013	0.000	0.308	0.103	0.026	0.013	0.000	0.026	0.013
34	0.115	0.064	0.000	0.000	0.000	0.064	0.013	0.038	0.013	0.013	0.013	0.000	0.026	0.013	0.000	0.013	0.064	0.013	0.000	0.192
35	0.026	0.051	0.000	0.244	0.000	0.026	0.013	0.000	0.013	0.013	0.000	0.026	0.000	0.000	0.115	0.013	0.013	0.000	0.013	0.090
36	0.167	0.064	0.000	0.013	0.000	0.038	0.038	0.013	0.000	0.000	0.000	0.038	0.000	0.000	0.179	0.051	0.051	0.000	0.000	0.000
37	0.026	0.000	0.000	0.000	0.000	0.000	0.000	0.000	0.000	0.000	0.513	0.000	0.013	0.000	0.000	0.026	0.038	0.000	0.026	0.013
38	0.026	0.000	0.026	0.000	0.000	0.026	0.000	0.000	0.026	0.026	0.013	0.026	0.000	0.000	0.410	0.038	0.026	0.000	0.000	0.013
39	0.026	0.000	0.026	0.013	0.000	0.000	0.000	0.000	0.000	0.346	0.051	0.026	0.026	0.013	0.000	0.000	0.000	0.000	0.000	0.128
40	0.013	0.000	0.000	0.000	0.000	0.000	0.000	0.013	0.000	0.026	0.026	0.000	0.026	0.000	0.551	0.000	0.026	0.000	0.000	0.000
41	0.090	0.013	0.013	0.051	0.000	0.077	0.064	0.000	0.000	0.000	0.000	0.115	0.000	0.000	0.385	0.038	0.026	0.000	0.026	0.000
42	0.038	0.013	0.000	0.026	0.000	0.026	0.064	0.000	0.000	0.026	0.154	0.026	0.013	0.000	0.013	0.026	0.154	0.026	0.000	0.295
43	0.090	0.013	0.013	0.000	0.000	0.000	0.000	0.000	0.000	0.090	0.641	0.000	0.000	0.013	0.013	0.000	0.013	0.000	0.000	0.026
44	0.115	0.141	0.000	0.013	0.000	0.103	0.077	0.026	0.000	0.026	0.013	0.179	0.000	0.000	0.000	0.064	0.141	0.000	0.013	0.000
45	0.141	0.013	0.026	0.000	0.000	0.026	0.013	0.179	0.000	0.000	0.013	0.013	0.000	0.013	0.423	0.038	0.013	0.000	0.000	0.000
46	0.115	0.000	0.128	0.167	0.013	0.051	0.026	0.000	0.026	0.000	0.013	0.051	0.013	0.000	0.051	0.038	0.090	0.013	0.000	0.128
47	0.154	0.167	0.000	0.000	0.000	0.026	0.013	0.115	0.051	0.000	0.013	0.103	0.000	0.000	0.026	0.064	0.026	0.000	0.000	0.013
48	0.026	0.077	0.026	0.051	0.000	0.077	0.064	0.013	0.000	0.013	0.000	0.090	0.013	0.000	0.026	0.167	0.103	0.000	0.000	0.026
49	0.026	0.013	0.077	0.103	0.000	0.013	0.090	0.128	0.026	0.000	0.000	0.000	0.000	0.013	0.013	0.103	0.115	0.000	0.013	0.038
50	0.115	0.000	0.051	0.077	0.000	0.038	0.038	0.051	0.000	0.000	0.000	0.128	0.000	0.000	0.026	0.000	0.000	0.000	0.000	0.000
51	0.038	0.026	0.026	0.038	0.000	0.000	0.064	0.192	0.026	0.000	0.000	0.026	0.000	0.000	0.038	0.038	0.064	0.000	0.000	0.013
52	0.115	0.013	0.013	0.064	0.000	0.026	0.013	0.090	0.013	0.026	0.013	0.051	0.013	0.000	0.000	0.026	0.064	0.000	0.000	0.051
53	0.051	0.038	0.013	0.115	0.000	0.000	0.000	0.013	0.026	0.000	0.000	0.051	0.013	0.013	0.038	0.013	0.154	0.000	0.000	0.051
54	0.026	0.103	0.038	0.051	0.000	0.051	0.103	0.000	0.051	0.000	0.026	0.026	0.000	0.026	0.051	0.000	0.051	0.000	0.282	0.077
55	0.013	0.013	0.013	0.000	0.000	0.026	0.000	0.000	0.000	0.103	0.013	0.000	0.013	0.244	0.000	0.000	0.026	0.013	0.423	0.064
56	0.013	0.051	0.051	0.128	0.000	0.051	0.346	0.000	0.038	0.013	0.026	0.000	0.000	0.000	0.013	0.000	0.205	0.000	0.000	0.026
57	0.013	0.000	0.000	0.000	0.000	0.000	0.000	0.000	0.000	0.128	0.551	0.000	0.026	0.000	0.000	0.000	0.000	0.000	0.000	0.244
58	0.026	0.090	0.026	0.000	0.013	0.013	0.077	0.000	0.026	0.077	0.013	0.064	0.000	0.000	0.000	0.026	0.372	0.000	0.013	0.128
59	0.346	0.000	0.000	0.000	0.000	0.077	0.000	0.013	0.000	0.179	0.026	0.000	0.231	0.000	0.000	0.000	0.013	0.000	0.000	0.077
60	0.090	0.090	0.000	0.038	0.000	0.218	0.167	0.090	0.000	0.013	0.000	0.128	0.000	0.000	0.000	0.026	0.077	0.000	0.013	0.013
61	0.103	0.013	0.000	0.000	0.000	0.051	0.397	0.000	0.000	0.013	0.026	0.090	0.000	0.026	0.128	0.000	0.051	0.013	0.013	0.038
62	0.090	0.038	0.000	0.013	0.051	0.051	0.013	0.205	0.000	0.038	0.051	0.013	0.013	0.141	0.000	0.051	0.103	0.000	0.000	0.077
63	0.013	0.179	0.013	0.026	0.000	0.077	0.103	0.000	0.038	0.000	0.026	0.103	0.026	0.038	0.090	0.064	0.077	0.026	0.026	0.026
64	0.077	0.038	0.013	0.000	0.000	0.192	0.000	0.000	0.115	0.064	0.090	0.000	0.051	0.000	0.013	0.026	0.090	0.013	0.013	0.154
65	0.038	0.051	0.128	0.026	0.000	0.141	0.205	0.000	0.000	0.013	0.038	0.167	0.026	0.000	0.013	0.077	0.026	0.000	0.000	0.000
66	0.000	0.000	0.000	0.000	0.000	0.013	0.000	0.000	0.000	0.192	0.346	0.000	0.026	0.244	0.000	0.000	0.000	0.051	0.000	0.077
67	0.077	0.013	0.026	0.013	0.000	0.000	0.013	0.000	0.244	0.026	0.167	0.000	0.000	0.013	0.000	0.000	0.013	0.000	0.000	0.051
68	0.051	0.026	0.013	0.308	0.000	0.013	0.038	0.128	0.000	0.000	0.013	0.013	0.000	0.000	0.205	0.038	0.090	0.000	0.013	0.000
69	0.038	0.051	0.013	0.026	0.000	0.000	0.026	0.449	0.000	0.000	0.244	0.026	0.000	0.000	0.000	0.026	0.026	0.000	0.000	0.026
70	0.051	0.090	0.051	0.000	0.000	0.051	0.000	0.038	0.038	0.013	0.064	0.192	0.026	0.013	0.192	0.038	0.038	0.000	0.000	0.051
71	0.064	0.038	0.013	0.038	0.000	0.051	0.077	0.000	0.013	0.013	0.013	0.154	0.026	0.000	0.359	0.013	0.051	0.000	0.000	0.038
72	0.154	0.077	0.000	0.000	0.000	0.013	0.000	0.026	0.000	0.038	0.026	0.000	0.013	0.013	0.000	0.013	0.513	0.000	0.000	0.077
73	0.038	0.218	0.013	0.064	0.000	0.038	0.090	0.013	0.038	0.051	0.026	0.128	0.051	0.000	0.038	0.026	0.115	0.000	0.000	0.013
74	0.256	0.013	0.000	0.000	0.013	0.000	0.013	0.013	0.000	0.013	0.205	0.000	0.038	0.013	0.013	0.038	0.179	0.000	0.000	0.154
75	0.013	0.013	0.000	0.000	0.000	0.013	0.000	0.000	0.000	0.000	0.038	0.000	0.026	0.038	0.026	0.013	0.103	0.615	0.064	0.000
76	0.064	0.000	0.000	0.000	0.013	0.000	0.000	0.615	0.000	0.000	0.038	0.000	0.000	0.000	0.000	0.000	0.218	0.000	0.000	0.000
77	0.013	0.000	0.000	0.013	0.000	0.000	0.000	0.000	0.000	0.128	0.038	0.000	0.013	0.103	0.000	0.000	0.013	0.000	0.577	0.064
78	0.000	0.013	0.667	0.103	0.000	0.013	0.051	0.077	0.000	0.000	0.000	0.000	0.000	0.000	0.000	0.013	0.000	0.000	0.000	0.013
79	0.013	0.038	0.038	0.013	0.000	0.064	0.000	0.731	0.000	0.000	0.000	0.000	0.000	0.000	0.013	0.013	0.026	0.000	0.000	0.000
80	0.038	0.000	0.051	0.013	0.000	0.141	0.000	0.064	0.000	0.038	0.064	0.000	0.026	0.000	0.051	0.321	0.115	0.000	0.000	0.026
81	0.026	0.000	0.000	0.013	0.000	0.013	0.000	0.000	0.000	0.051	0.244	0.000	0.038	0.231	0.000	0.000	0.064	0.013	0.077	0.179
82	0.000	0.000	0.000	0.000	0.000	0.000	0.000	0.038	0.000	0.000	0.179	0.000	0.000	0.000	0.692	0.000	0.000	0.000	0.000	0.038
83	0.077	0.000	0.000	0.026	0.000	0.000	0.000	0.821	0.000	0.000	0.000	0.000	0.000	0.000	0.000	0.000	0.013	0.000	0.000	0.000
84	0.026	0.000	0.000	0.000	0.000	0.051	0.000	0.000	0.000	0.000	0.000	0.013	0.000	0.000	0.821	0.013	0.026	0.000	0.000	0.013
85	0.090	0.000	0.000	0.000	0.000	0.064	0.051	0.026	0.000	0.051	0.090	0.000	0.000	0.000	0.026	0.000	0.487	0.000	0.000	0.077
86	0.000	0.000	0.000	0.000	0.000	0.000	0.000	0.000	0.000	0.385	0.397	0.000	0.000	0.090	0.000	0.000	0.000	0.000	0.000	0.090
87	0.000	0.385	0.013	0.115	0.000	0.026	0.244	0.000	0.000	0.026	0.000	0.064	0.000	0.000	0.000	0.000	0.038	0.000	0.000	0.051
88	0.179	0.000	0.000	0.000	0.013	0.000	0.000	0.000	0.000	0.013	0.179	0.000	0.064	0.038	0.000	0.000	0.026	0.090	0.038	0.333
89	0.000	0.385	0.077	0.013	0.000	0.090	0.064	0.000	0.000	0.013	0.000	0.192	0.013	0.000	0.013	0.013	0.051	0.000	0.000	0.051
90	0.038	0.231	0.013	0.000	0.000	0.192	0.231	0.000	0.038	0.000	0.013	0.090	0.000	0.000	0.038	0.077	0.013	0.000	0.000	0.000
91	0.000	0.000	0.115	0.038	0.000	0.000	0.000	0.795	0.013	0.000	0.000	0.000	0.000	0.000	0.000	0.013	0.000	0.000	0.000	0.000
92	0.000	0.115	0.000	0.256	0.000	0.115	0.359	0.000	0.013	0.000	0.000	0.115	0.000	0.000	0.000	0.000	0.000	0.000	0.000	0.000
93	0.064	0.128	0.051	0.064	0.000	0.038	0.064	0.000	0.038	0.000	0.038	0.077	0.013	0.000	0.192	0.038	0.141	0.013	0.000	0.013
94	0.077	0.000	0.000	0.000	0.000	0.000	0.000	0.000	0.000	0.154	0.064	0.000	0.026	0.038	0.000	0.000	0.026	0.000	0.038	0.551
95	0.090	0.218	0.026	0.013	0.000	0.051	0.064	0.000	0.090	0.013	0.013	0.051	0.000	0.013	0.000	0.000	0.167	0.000	0.064	0.103
96	0.038	0.000	0.000	0.000	0.000	0.000	0.000	0.000	0.000	0.333	0.128	0.000	0.000	0.013	0.000	0.000	0.000	0.000	0.000	0.462
97	0.026	0.295	0.090	0.077	0.000	0.000	0.038	0.000	0.000	0.000	0.026	0.231	0.000	0.013	0.000	0.013	0.141	0.000	0.013	0.013
98	0.000	0.000	0.000	0.000	0.000	0.051	0.000	0.000	0.026	0.103	0.218	0.000	0.000	0.038	0.000	0.000	0.000	0.244	0.000	0.295
99	0.038	0.051	0.051	0.013	0.000	0.000	0.064	0.000	0.026	0.051	0.026	0.141	0.128	0.000	0.000	0.000	0.256	0.026	0.026	0.077
100	0.000	0.000	0.974	0.000	0.000	0.000	0.000	0.000	0.000	0.000	0.000	0.000	0.000	0.000	0.000	0.000	0.000	0.000	0.000	0.000
101	0.013	0.103	0.128	0.064	0.000	0.128	0.141	0.038	0.038	0.000	0.000	0.167	0.013	0.000	0.000	0.051	0.090	0.000	0.000	0.000
102	0.026	0.000	0.000	0.000	0.000	0.000	0.000	0.000	0.000	0.026	0.885	0.000	0.026	0.000	0.000	0.000	0.000	0.000	0.000	0.013
103	0.115	0.051	0.038	0.128	0.000	0.000	0.038	0.026	0.013	0.000	0.000	0.013	0.000	0.000	0.487	0.038	0.026	0.000	0.000	0.000
104	0.026	0.000	0.026	0.013	0.013	0.051	0.410	0.000	0.026	0.000	0.013	0.013	0.000	0.000	0.000	0.000	0.000	0.000	0.000	0.385
105	0.026	0.128	0.013	0.103	0.000	0.013	0.064	0.051	0.038	0.000	0.038	0.103	0.000	0.000	0.282	0.038	0.064	0.000	0.000	0.013
106	0.000	0.000	0.000	0.000	0.000	0.000	0.000	0.013	0.000	0.013	0.000	0.000	0.000	0.000	0.000	0.064	0.795	0.000	0.000	0.090
107	0.026	0.000	0.064	0.000	0.013	0.000	0.013	0.000	0.000	0.000	0.026	0.000	0.000	0.000	0.000	0.244	0.333	0.000	0.000	0.256
108	0.000	0.000	0.000	0.000	0.000	0.000	0.000	0.000	0.000	0.321	0.141	0.000	0.000	0.038	0.000	0.000	0.077	0.013	0.013	0.372
109	0.000	0.000	0.000	0.000	0.000	0.000	0.000	0.000	0.962	0.000	0.000	0.000	0.000	0.000	0.013	0.000	0.000	0.000	0.000	0.000
110	0.000	0.000	0.000	0.000	0.000	0.000	0.000	0.000	0.000	0.000	0.333	0.000	0.000	0.000	0.000	0.013	0.026	0.577	0.000	0.026
111	0.000	0.000	0.000	0.000	0.000	0.000	0.000	0.000	0.962	0.000	0.000	0.000	0.000	0.000	0.000	0.000	0.013	0.000	0.000	0.000
112	0.000	0.000	0.000	0.000	0.000	0.000	0.000	0.962	0.000	0.000	0.000	0.000	0.000	0.000	0.000	0.013	0.000	0.000	0.000	0.000
113	0.026	0.000	0.000	0.000	0.000	0.026	0.000	0.218	0.000	0.218	0.282	0.000	0.026	0.038	0.000	0.077	0.000	0.000	0.000	0.077
114	0.038	0.141	0.077	0.026	0.013	0.000	0.192	0.000	0.051	0.077	0.128	0.038	0.000	0.013	0.077	0.013	0.038	0.026	0.000	0.038
115	0.000	0.000	0.000	0.000	0.013	0.000	0.000	0.000	0.000	0.090	0.256	0.000	0.000	0.000	0.038	0.013	0.269	0.000	0.000	0.308
116	0.026	0.026	0.013	0.000	0.000	0.000	0.064	0.000	0.013	0.013	0.000	0.026	0.000	0.000	0.718	0.064	0.026	0.000	0.000	0.000
117	0.115	0.013	0.167	0.026	0.000	0.000	0.000	0.167	0.000	0.000	0.038	0.000	0.000	0.038	0.269	0.064	0.000	0.026	0.051	0.013
118	0.128	0.026	0.026	0.167	0.000	0.077	0.282	0.090	0.013	0.000	0.026	0.013	0.000	0.000	0.064	0.038	0.038	0.000	0.000	0.000
119	0.038	0.000	0.000	0.000	0.000	0.077	0.051	0.013	0.013	0.013	0.026	0.000	0.308	0.000	0.000	0.295	0.013	0.000	0.013	0.115
120	0.000	0.000	0.013	0.949	0.000	0.000	0.000	0.013	0.000	0.000	0.000	0.000	0.000	0.000	0.000	0.000	0.000	0.000	0.000	0.000
121	0.000	0.000	0.000	0.026	0.000	0.000	0.000	0.974	0.000	0.000	0.000	0.000	0.000	0.000	0.000	0.000	0.000	0.000	0.000	0.000
122	0.000	0.013	0.038	0.013	0.000	0.000	0.000	0.192	0.013	0.013	0.000	0.000	0.000	0.000	0.000	0.000	0.000	0.013	0.282	0.397
123	0.038	0.000	0.013	0.000	0.038	0.000	0.000	0.013	0.000	0.000	0.000	0.000	0.000	0.000	0.833	0.064	0.000	0.000	0.000	0.000
124	0.000	0.000	0.000	0.077	0.000	0.000	0.231	0.308	0.000	0.000	0.000	0.000	0.013	0.013	0.000	0.000	0.000	0.000	0.026	0.013
125	0.026	0.000	0.026	0.000	0.000	0.000	0.000	0.000	0.000	0.077	0.141	0.000	0.064	0.179	0.000	0.000	0.000	0.000	0.064	0.090
126	0.013	0.000	0.026	0.000	0.000	0.000	0.000	0.013	0.000	0.000	0.000	0.000	0.000	0.000	0.026	0.218	0.359	0.000	0.000	0.013
127	0.000	0.154	0.013	0.000	0.000	0.308	0.000	0.000	0.103	0.000	0.038	0.077	0.026	0.205	0.000	0.013	0.051	0.000	0.000	0.013
128	0.179	0.000	0.115	0.321	0.000	0.038	0.026	0.077	0.026	0.000	0.064	0.038	0.000	0.000	0.077	0.000	0.013	0.000	0.000	0.026
129	0.064	0.013	0.000	0.000	0.000	0.026	0.000	0.154	0.000	0.038	0.128	0.013	0.013	0.205	0.179	0.064	0.026	0.000	0.051	0.026
130	0.013	0.038	0.013	0.000	0.000	0.013	0.064	0.000	0.013	0.487	0.038	0.077	0.000	0.013	0.000	0.000	0.013	0.000	0.000	0.218
131	0.154	0.051	0.026	0.013	0.000	0.115	0.205	0.000	0.000	0.000	0.115	0.115	0.038	0.000	0.103	0.000	0.000	0.000	0.064	0.000
132	0.077	0.000	0.013	0.013	0.000	0.000	0.013	0.000	0.000	0.000	0.000	0.013	0.000	0.000	0.615	0.026	0.179	0.000	0.000	0.051
133	0.013	0.000	0.013	0.026	0.000	0.013	0.000	0.923	0.000	0.000	0.000	0.000	0.000	0.000	0.000	0.013	0.000	0.000	0.000	0.000
134	0.090	0.000	0.000	0.051	0.000	0.038	0.282	0.128	0.013	0.000	0.000	0.064	0.013	0.000	0.218	0.038	0.026	0.000	0.000	0.026
135	0.013	0.115	0.013	0.000	0.000	0.013	0.077	0.000	0.026	0.000	0.000	0.115	0.026	0.038	0.000	0.269	0.269	0.000	0.026	0.000
136	0.000	0.141	0.000	0.026	0.000	0.038	0.192	0.000	0.038	0.000	0.013	0.077	0.000	0.321	0.000	0.026	0.000	0.090	0.038	0.000
137	0.000	0.013	0.000	0.141	0.000	0.077	0.051	0.013	0.013	0.051	0.013	0.013	0.000	0.000	0.000	0.051	0.244	0.000	0.013	0.308
138	0.013	0.000	0.000	0.000	0.000	0.000	0.000	0.000	0.013	0.051	0.000	0.000	0.000	0.000	0.051	0.013	0.000	0.000	0.782	0.077
139	0.090	0.154	0.013	0.077	0.000	0.038	0.308	0.000	0.103	0.000	0.026	0.051	0.000	0.000	0.000	0.051	0.064	0.000	0.013	0.013
140	0.000	0.000	0.000	0.000	0.000	0.000	0.000	0.000	0.000	0.000	0.038	0.000	0.000	0.590	0.000	0.000	0.000	0.013	0.346	0.013
141	0.000	0.051	0.013	0.051	0.000	0.038	0.064	0.000	0.000	0.026	0.013	0.090	0.000	0.000	0.359	0.000	0.256	0.000	0.000	0.038
142	0.064	0.000	0.295	0.000	0.038	0.000	0.000	0.000	0.000	0.051	0.167	0.000	0.013	0.000	0.154	0.000	0.000	0.000	0.000	0.218
143	0.026	0.128	0.103	0.090	0.013	0.128	0.115	0.026	0.077	0.000	0.000	0.077	0.000	0.000	0.115	0.013	0.064	0.000	0.013	0.013
144	0.000	0.000	0.000	0.103	0.000	0.667	0.038	0.000	0.090	0.000	0.000	0.013	0.013	0.000	0.000	0.000	0.000	0.000	0.000	0.038
145	0.013	0.269	0.000	0.038	0.000	0.038	0.000	0.000	0.000	0.000	0.013	0.000	0.000	0.000	0.192	0.013	0.000	0.000	0.000	0.013
146	0.487	0.000	0.026	0.000	0.000	0.013	0.026	0.128	0.077	0.000	0.000	0.000	0.000	0.000	0.103	0.115	0.026	0.000	0.000	0.000
147	0.333	0.000	0.000	0.000	0.013	0.000	0.000	0.487	0.000	0.000	0.000	0.000	0.013	0.000	0.000	0.038	0.103	0.000	0.000	0.013
148	0.077	0.000	0.000	0.000	0.000	0.013	0.000	0.000	0.000	0.038	0.026	0.000	0.013	0.013	0.000	0.064	0.744	0.000	0.000	0.013
149	0.026	0.000	0.013	0.000	0.090	0.013	0.000	0.000	0.077	0.000	0.359	0.000	0.000	0.115	0.000	0.000	0.000	0.013	0.282	0.013
150	0.000	0.000	0.000	0.000	0.000	0.000	0.000	0.000	0.013	0.000	0.013	0.000	0.038	0.013	0.000	0.000	0.000	0.910	0.013	0.000
151	0.013	0.000	0.000	0.000	0.000	0.000	0.000	0.000	0.000	0.000	0.051	0.000	0.038	0.077	0.000	0.000	0.000	0.000	0.821	0.000
152	0.000	0.000	0.000	0.000	0.000	0.000	0.000	0.000	1.000	0.000	0.000	0.000	0.000	0.000	0.000	0.000	0.000	0.000	0.000	0.000
153	0.064	0.000	0.000	0.321	0.000	0.000	0.000	0.000	0.000	0.000	0.000	0.000	0.000	0.000	0.269	0.321	0.026	0.000	0.000	0.000
154	0.000	0.000	0.000	0.000	0.000	0.000	0.000	0.000	1.000	0.000	0.000	0.000	0.000	0.000	0.000	0.000	0.000	0.000	0.000	0.000
155	0.295	0.077	0.000	0.000	0.026	0.103	0.000	0.000	0.013	0.013	0.051	0.000	0.000	0.000	0.077	0.000	0.090	0.000	0.013	0.026
156	0.013	0.000	0.051	0.064	0.051	0.000	0.013	0.000	0.218	0.026	0.038	0.013	0.269	0.000	0.000	0.000	0.013	0.000	0.000	0.013
157	0.103	0.013	0.013	0.064	0.000	0.000	0.000	0.333	0.000	0.000	0.000	0.000	0.013	0.000	0.051	0.000	0.000	0.000	0.000	0.000
158	0.038	0.000	0.013	0.000	0.000	0.026	0.013	0.000	0.026	0.179	0.064	0.026	0.013	0.077	0.000	0.064	0.026	0.000	0.000	0.026
159	0.013	0.000	0.000	0.000	0.000	0.000	0.038	0.026	0.026	0.013	0.026	0.000	0.000	0.000	0.000	0.256	0.603	0.000	0.000	0.000
160	0.167	0.244	0.013	0.000	0.000	0.000	0.013	0.372	0.038	0.000	0.038	0.000	0.038	0.000	0.013	0.026	0.000	0.000	0.013	0.026
161	0.026	0.090	0.026	0.000	0.000	0.026	0.128	0.000	0.026	0.000	0.308	0.000	0.026	0.115	0.077	0.000	0.051	0.013	0.000	0.090
162	0.013	0.000	0.244	0.000	0.000	0.705	0.013	0.013	0.013	0.000	0.000	0.000	0.000	0.000	0.000	0.000	0.000	0.000	0.000	0.000
163	0.013	0.000	0.013	0.000	0.000	0.000	0.205	0.000	0.000	0.013	0.115	0.000	0.038	0.000	0.000	0.000	0.000	0.000	0.000	0.603
164	0.192	0.000	0.000	0.051	0.000	0.141	0.000	0.064	0.026	0.013	0.013	0.013	0.051	0.051	0.000	0.026	0.000	0.064	0.295	0.000
165	0.269	0.192	0.026	0.000	0.000	0.026	0.000	0.000	0.064	0.000	0.026	0.064	0.154	0.000	0.000	0.051	0.115	0.000	0.013	0.000
166	0.000	0.000	0.000	0.000	0.000	0.000	0.000	0.962	0.000	0.000	0.026	0.000	0.013	0.000	0.000	0.000	0.000	0.000	0.000	0.000
167	0.000	0.000	0.000	0.000	0.000	0.000	0.000	0.000	0.000	0.026	0.744	0.000	0.192	0.000	0.000	0.000	0.000	0.000	0.000	0.038
168	0.462	0.000	0.000	0.000	0.013	0.000	0.013	0.026	0.013	0.000	0.026	0.000	0.064	0.038	0.000	0.026	0.038	0.000	0.179	0.103
169	0.090	0.000	0.000	0.000	0.000	0.000	0.000	0.885	0.000	0.000	0.013	0.000	0.000	0.000	0.000	0.000	0.013	0.000	0.000	0.000
170	0.231	0.000	0.000	0.000	0.000	0.000	0.000	0.026	0.000	0.000	0.218	0.000	0.154	0.090	0.218	0.013	0.013	0.000	0.000	0.038
171	0.000	0.000	0.000	0.000	0.000	0.013	0.000	0.000	0.026	0.115	0.282	0.000	0.013	0.128	0.000	0.000	0.000	0.000	0.282	0.141
172	0.013	0.000	0.000	0.000	0.000	0.013	0.000	0.000	0.000	0.551	0.154	0.000	0.000	0.051	0.000	0.000	0.000	0.000	0.000	0.218
173	0.000	0.000	0.000	0.000	0.000	0.000	0.000	0.000	0.000	0.590	0.064	0.000	0.000	0.000	0.000	0.000	0.000	0.000	0.000	0.346
174	0.000	0.346	0.000	0.192	0.000	0.013	0.269	0.013	0.064	0.000	0.013	0.026	0.000	0.000	0.000	0.013	0.038	0.000	0.000	0.013
175	0.038	0.013	0.026	0.513	0.000	0.000	0.103	0.051	0.000	0.000	0.000	0.000	0.000	0.000	0.231	0.013	0.013	0.000	0.000	0.000
176	0.115	0.141	0.000	0.128	0.000	0.013	0.218	0.026	0.000	0.000	0.000	0.167	0.000	0.000	0.141	0.026	0.000	0.000	0.000	0.026
177	0.051	0.051	0.026	0.115	0.000	0.077	0.321	0.038	0.038	0.026	0.026	0.103	0.000	0.013	0.000	0.000	0.038	0.000	0.013	0.064
178	0.026	0.013	0.013	0.141	0.000	0.013	0.397	0.013	0.000	0.026	0.000	0.026	0.013	0.013	0.179	0.077	0.038	0.000	0.000	0.000
179	0.064	0.103	0.013	0.231	0.000	0.026	0.141	0.013	0.000	0.000	0.051	0.167	0.000	0.000	0.115	0.038	0.026	0.000	0.000	0.013
180	0.141	0.115	0.013	0.026	0.000	0.026	0.064	0.051	0.026	0.000	0.051	0.128	0.000	0.000	0.103	0.141	0.064	0.000	0.026	0.013
181	0.051	0.038	0.013	0.013	0.000	0.000	0.013	0.000	0.038	0.038	0.410	0.000	0.038	0.038	0.090	0.013	0.000	0.000	0.013	0.051
182	0.051	0.038	0.090	0.013	0.000	0.038	0.026	0.077	0.051	0.026	0.013	0.103	0.013	0.000	0.179	0.038	0.038	0.000	0.000	0.013
183	0.000	0.000	0.013	0.000	0.000	0.000	0.000	0.000	0.000	0.026	0.474	0.000	0.000	0.013	0.000	0.000	0.000	0.013	0.000	0.013
184	0.000	0.000	0.000	0.013	0.000	0.000	0.000	0.013	0.000	0.000	0.000	0.000	0.000	0.000	0.526	0.000	0.000	0.000	0.000	0.000
185	0.013	0.064	0.013	0.000	0.026	0.038	0.038	0.000	0.013	0.000	0.000	0.192	0.000	0.000	0.000	0.141	0.000	0.000	0.000	0.000
186	0.077	0.000	0.000	0.090	0.013	0.013	0.013	0.513	0.013	0.026	0.000	0.000	0.000	0.051	0.000	0.000	0.013	0.000	0.103	0.064
187	0.038	0.013	0.026	0.346	0.000	0.013	0.205	0.038	0.000	0.038	0.000	0.064	0.026	0.000	0.000	0.000	0.013	0.000	0.000	0.167
188	0.051	0.231	0.013	0.192	0.000	0.064	0.038	0.000	0.038	0.000	0.013	0.051	0.013	0.026	0.013	0.000	0.013	0.000	0.218	0.013
189	0.000	0.000	0.000	0.615	0.000	0.000	0.346	0.000	0.000	0.000	0.000	0.000	0.000	0.000	0.000	0.000	0.026	0.000	0.000	0.000
190	0.000	0.051	0.000	0.000	0.000	0.000	0.013	0.000	0.077	0.321	0.077	0.000	0.026	0.026	0.013	0.000	0.000	0.013	0.128	0.244
191	0.038	0.000	0.000	0.000	0.013	0.000	0.000	0.000	0.013	0.026	0.026	0.000	0.013	0.000	0.500	0.000	0.154	0.000	0.000	0.218
192	0.013	0.000	0.000	0.000	0.000	0.000	0.000	0.000	0.000	0.154	0.590	0.000	0.026	0.000	0.000	0.000	0.000	0.013	0.000	0.205
193	0.000	0.000	0.026	0.000	0.000	0.013	0.000	0.000	0.000	0.218	0.295	0.000	0.154	0.064	0.000	0.026	0.000	0.000	0.000	0.205
194	0.000	0.000	0.000	0.000	0.000	0.000	0.000	0.000	0.000	0.333	0.513	0.000	0.013	0.064	0.000	0.013	0.000	0.000	0.000	0.064
195	0.077	0.026	0.000	0.064	0.051	0.359	0.000	0.000	0.090	0.000	0.026	0.051	0.051	0.000	0.000	0.154	0.051	0.000	0.000	0.000
196	0.013	0.000	0.038	0.833	0.000	0.026	0.064	0.000	0.000	0.000	0.000	0.000	0.000	0.000	0.000	0.000	0.026	0.000	0.000	0.000
197	0.000	0.333	0.000	0.000	0.000	0.000	0.000	0.000	0.000	0.038	0.038	0.179	0.000	0.051	0.000	0.000	0.013	0.333	0.013	0.000
198	0.064	0.154	0.038	0.000	0.000	0.077	0.013	0.000	0.026	0.000	0.013	0.051	0.013	0.013	0.038	0.192	0.295	0.000	0.000	0.013
199	0.000	0.000	0.000	0.000	0.000	0.000	0.000	0.013	0.000	0.038	0.154	0.000	0.038	0.423	0.000	0.000	0.000	0.000	0.026	0.090
200	0.051	0.064	0.154	0.167	0.000	0.038	0.077	0.064	0.090	0.013	0.013	0.038	0.000	0.000	0.000	0.026	0.103	0.000	0.013	0.026
201	0.128	0.038	0.064	0.192	0.000	0.013	0.244	0.038	0.026	0.013	0.013	0.026	0.000	0.000	0.090	0.077	0.013	0.000	0.000	0.000
202	0.013	0.064	0.103	0.474	0.000	0.013	0.026	0.038	0.000	0.000	0.000	0.000	0.000	0.000	0.192	0.038	0.013	0.000	0.000	0.000
203	0.026	0.000	0.038	0.051	0.000	0.000	0.038	0.615	0.026	0.000	0.000	0.013	0.064	0.000	0.051	0.026	0.000	0.000	0.013	0.013
204	0.038	0.077	0.038	0.038	0.000	0.154	0.141	0.051	0.000	0.013	0.000	0.051	0.000	0.000	0.000	0.282	0.064	0.000	0.000	0.026
205	0.000	0.013	0.013	0.000	0.000	0.000	0.000	0.000	0.000	0.179	0.359	0.000	0.026	0.103	0.013	0.013	0.013	0.051	0.026	0.154
206	0.064	0.000	0.013	0.192	0.000	0.000	0.000	0.000	0.000	0.064	0.128	0.000	0.077	0.205	0.000	0.038	0.038	0.000	0.090	0.026
207	0.077	0.013	0.013	0.051	0.000	0.013	0.038	0.051	0.000	0.013	0.013	0.038	0.013	0.013	0.026	0.064	0.038	0.000	0.462	0.000
208	0.026	0.051	0.026	0.038	0.000	0.103	0.090	0.026	0.000	0.000	0.013	0.103	0.000	0.026	0.346	0.026	0.064	0.000	0.000	0.000
209	0.038	0.077	0.000	0.000	0.013	0.000	0.000	0.000	0.000	0.013	0.231	0.026	0.026	0.051	0.026	0.154	0.000	0.000	0.013	0.013
210	0.026	0.051	0.000	0.026	0.000	0.192	0.000	0.038	0.000	0.026	0.090	0.179	0.000	0.000	0.013	0.000	0.026	0.000	0.000	0.013
211	0.013	0.000	0.026	0.090	0.000	0.013	0.000	0.038	0.013	0.013	0.000	0.077	0.026	0.013	0.282	0.051	0.026	0.000	0.000	0.000
212	0.038	0.103	0.038	0.103	0.000	0.115	0.038	0.103	0.000	0.000	0.013	0.013	0.038	0.000	0.051	0.013	0.000	0.000	0.013	0.000
213	0.026	0.013	0.141	0.064	0.013	0.013	0.026	0.038	0.026	0.000	0.000	0.026	0.000	0.000	0.013	0.103	0.090	0.000	0.000	0.000
214	0.026	0.000	0.000	0.115	0.000	0.000	0.013	0.051	0.026	0.000	0.077	0.000	0.026	0.000	0.179	0.000	0.026	0.000	0.000	0.026
215	0.064	0.000	0.000	0.026	0.000	0.038	0.026	0.038	0.013	0.026	0.038	0.013	0.051	0.013	0.000	0.128	0.000	0.000	0.000	0.115
216	0.038	0.000	0.026	0.013	0.000	0.000	0.141	0.077	0.000	0.000	0.000	0.026	0.000	0.013	0.154	0.051	0.000	0.000	0.000	0.051
217	0.013	0.000	0.103	0.154	0.000	0.000	0.038	0.013	0.000	0.000	0.000	0.013	0.026	0.000	0.090	0.090	0.051	0.000	0.000	0.000
218	0.013	0.000	0.000	0.000	0.000	0.000	0.013	0.103	0.000	0.000	0.346	0.000	0.051	0.090	0.013	0.000	0.013	0.038	0.026	0.000
219	0.000	0.013	0.051	0.154	0.000	0.000	0.000	0.026	0.000	0.026	0.026	0.000	0.000	0.077	0.231	0.000	0.026	0.000	0.013	0.103
220	0.000	0.064	0.128	0.090	0.000	0.013	0.077	0.013	0.141	0.013	0.026	0.026	0.051	0.000	0.000	0.013	0.026	0.000	0.013	0.090
221	0.026	0.000	0.000	0.192	0.000	0.013	0.077	0.038	0.000	0.000	0.013	0.013	0.128	0.013	0.244	0.051	0.026	0.000	0.000	0.000
222	0.141	0.013	0.000	0.103	0.000	0.013	0.000	0.013	0.026	0.026	0.026	0.013	0.013	0.000	0.026	0.295	0.038	0.013	0.000	0.077
223	0.359	0.038	0.000	0.000	0.000	0.000	0.000	0.026	0.000	0.167	0.013	0.038	0.000	0.000	0.000	0.038	0.013	0.026	0.038	0.077
224	0.141	0.077	0.013	0.026	0.000	0.000	0.038	0.000	0.051	0.000	0.013	0.038	0.192	0.000	0.038	0.077	0.051	0.000	0.000	0.179
225	0.013	0.000	0.077	0.090	0.000	0.026	0.051	0.077	0.026	0.038	0.013	0.064	0.038	0.000	0.231	0.051	0.038	0.026	0.000	0.077
226	0.090	0.000	0.000	0.026	0.000	0.000	0.026	0.654	0.000	0.000	0.000	0.000	0.000	0.103	0.026	0.013	0.000	0.000	0.000	0.000
227	0.013	0.077	0.013	0.013	0.000	0.026	0.000	0.000	0.000	0.000	0.051	0.000	0.077	0.295	0.000	0.000	0.115	0.128	0.013	0.115
228	0.103	0.051	0.051	0.026	0.103	0.038	0.038	0.051	0.000	0.013	0.154	0.013	0.013	0.115	0.013	0.051	0.013	0.026	0.038	0.013
229	0.026	0.013	0.026	0.000	0.000	0.000	0.000	0.628	0.000	0.026	0.000	0.000	0.000	0.051	0.000	0.000	0.115	0.000	0.077	0.000
230	0.000	0.038	0.103	0.423	0.000	0.013	0.090	0.026	0.000	0.013	0.026	0.013	0.013	0.013	0.051	0.000	0.051	0.000	0.115	0.013
231	0.090	0.013	0.000	0.000	0.000	0.000	0.000	0.013	0.013	0.013	0.115	0.038	0.013	0.051	0.000	0.000	0.551	0.000	0.026	0.064
232	0.051	0.051	0.038	0.000	0.000	0.000	0.000	0.000	0.013	0.269	0.103	0.000	0.064	0.026	0.013	0.026	0.038	0.026	0.218	0.064
233	0.000	0.013	0.000	0.000	0.000	0.000	0.000	0.000	0.013	0.026	0.628	0.000	0.026	0.013	0.000	0.026	0.192	0.000	0.000	0.064
234	0.103	0.000	0.000	0.000	0.000	0.000	0.000	0.000	0.000	0.167	0.064	0.000	0.115	0.013	0.000	0.000	0.103	0.000	0.000	0.436
235	0.000	0.000	0.974	0.000	0.000	0.000	0.000	0.000	0.000	0.000	0.000	0.000	0.000	0.000	0.013	0.000	0.000	0.000	0.000	0.000
236	0.000	0.000	0.000	0.038	0.000	0.000	0.000	0.872	0.000	0.000	0.000	0.013	0.000	0.000	0.000	0.038	0.000	0.026	0.000	0.000
237	0.192	0.077	0.000	0.000	0.013	0.103	0.026	0.000	0.038	0.026	0.026	0.321	0.000	0.000	0.013	0.000	0.103	0.000	0.000	0.051
238	0.141	0.013	0.000	0.000	0.000	0.026	0.013	0.000	0.013	0.141	0.038	0.000	0.000	0.000	0.115	0.051	0.115	0.000	0.000	0.321
239	0.000	0.013	0.103	0.026	0.000	0.026	0.026	0.051	0.000	0.000	0.051	0.000	0.000	0.051	0.154	0.064	0.013	0.321	0.077	0.013
240	0.038	0.013	0.000	0.000	0.000	0.013	0.103	0.026	0.000	0.000	0.000	0.000	0.000	0.000	0.603	0.013	0.013	0.167	0.000	0.000
241	0.026	0.038	0.000	0.000	0.000	0.115	0.051	0.000	0.000	0.026	0.051	0.000	0.013	0.051	0.038	0.064	0.205	0.000	0.256	0.051
242	0.141	0.013	0.000	0.013	0.000	0.026	0.013	0.115	0.090	0.077	0.308	0.000	0.077	0.064	0.000	0.000	0.000	0.000	0.026	0.026
243	0.051	0.051	0.013	0.154	0.000	0.038	0.269	0.000	0.000	0.064	0.103	0.090	0.000	0.000	0.013	0.013	0.051	0.000	0.000	0.077
244	0.141	0.000	0.000	0.000	0.026	0.000	0.000	0.013	0.000	0.051	0.038	0.000	0.000	0.115	0.000	0.000	0.038	0.000	0.000	0.564
245	0.026	0.115	0.000	0.038	0.000	0.026	0.308	0.000	0.000	0.000	0.000	0.128	0.000	0.000	0.192	0.051	0.077	0.000	0.000	0.026
246	0.141	0.115	0.077	0.000	0.000	0.013	0.026	0.000	0.013	0.000	0.013	0.064	0.000	0.000	0.397	0.013	0.115	0.000	0.000	0.000
247	0.000	0.000	0.013	0.000	0.000	0.000	0.000	0.423	0.000	0.000	0.013	0.000	0.000	0.000	0.000	0.000	0.000	0.000	0.000	0.000
248	0.038	0.244	0.013	0.051	0.000	0.090	0.205	0.192	0.000	0.000	0.000	0.000	0.000	0.000	0.013	0.077	0.077	0.000	0.000	0.000
249	0.000	0.295	0.000	0.013	0.013	0.000	0.013	0.000	0.000	0.026	0.051	0.308	0.026	0.013	0.000	0.000	0.077	0.128	0.000	0.038
250	0.026	0.000	0.013	0.000	0.000	0.013	0.026	0.000	0.038	0.064	0.115	0.000	0.000	0.000	0.000	0.000	0.013	0.000	0.282	0.410
251	0.000	0.936	0.000	0.000	0.000	0.013	0.000	0.000	0.000	0.000	0.013	0.026	0.000	0.000	0.000	0.000	0.013	0.000	0.000	0.000
252	0.000	0.000	0.000	0.000	0.000	0.000	0.000	0.000	0.000	0.064	0.538	0.000	0.000	0.308	0.000	0.000	0.000	0.051	0.000	0.038
253	0.000	1.000	0.000	0.000	0.000	0.000	0.000	0.000	0.000	0.000	0.000	0.000	0.000	0.000	0.000	0.000	0.000	0.000	0.000	0.000
254	0.000	0.000	0.000	0.000	0.000	0.000	0.000	0.000	0.000	0.295	0.308	0.000	0.051	0.167	0.000	0.000	0.013	0.000	0.013	0.154
255	0.038	0.000	0.000	0.000	0.000	0.013	0.000	0.026	0.000	0.346	0.462	0.000	0.000	0.000	0.000	0.000	0.000	0.013	0.000	0.103
256	0.013	0.000	0.910	0.038	0.000	0.000	0.000	0.000	0.026	0.000	0.000	0.000	0.000	0.000	0.000	0.000	0.000	0.000	0.000	0.013
257	0.462	0.000	0.000	0.000	0.000	0.000	0.000	0.372	0.000	0.000	0.064	0.000	0.000	0.000	0.000	0.038	0.051	0.000	0.000	0.013
258	0.269	0.000	0.000	0.064	0.103	0.000	0.000	0.077	0.000	0.000	0.000	0.000	0.000	0.000	0.000	0.474	0.013	0.000	0.000	0.000
259	0.115	0.000	0.564	0.000	0.000	0.000	0.000	0.051	0.000	0.000	0.026	0.000	0.038	0.013	0.000	0.090	0.038	0.000	0.013	0.051
260	0.295	0.077	0.051	0.013	0.000	0.013	0.000	0.038	0.000	0.013	0.013	0.000	0.077	0.013	0.000	0.090	0.256	0.000	0.013	0.000
261	0.000	0.615	0.000	0.026	0.000	0.000	0.000	0.026	0.000	0.000	0.013	0.000	0.000	0.000	0.013	0.038	0.218	0.000	0.000	0.013
262	0.064	0.038	0.013	0.013	0.000	0.000	0.051	0.013	0.000	0.205	0.026	0.013	0.000	0.115	0.000	0.128	0.167	0.000	0.064	0.000
263	0.000	0.000	0.000	0.013	0.000	0.013	0.000	0.000	0.026	0.051	0.128	0.000	0.013	0.295	0.000	0.000	0.000	0.026	0.397	0.000
264	0.038	0.205	0.128	0.179	0.000	0.090	0.090	0.013	0.026	0.000	0.013	0.026	0.000	0.000	0.026	0.026	0.064	0.013	0.000	0.013
265	0.000	0.000	0.000	0.000	0.000	0.000	0.000	0.000	0.000	0.128	0.551	0.000	0.013	0.090	0.000	0.000	0.000	0.000	0.000	0.179
266	0.192	0.192	0.038	0.038	0.000	0.013	0.038	0.038	0.077	0.013	0.000	0.064	0.000	0.000	0.000	0.128	0.000	0.013	0.090	0.026
267	0.000	0.000	0.000	0.000	0.000	0.000	0.000	0.000	0.000	0.218	0.462	0.000	0.013	0.128	0.000	0.026	0.090	0.000	0.000	0.026
268	0.026	0.013	0.026	0.282	0.000	0.013	0.051	0.038	0.026	0.000	0.000	0.013	0.000	0.000	0.218	0.218	0.026	0.000	0.000	0.013
269	0.000	0.013	0.103	0.218	0.000	0.013	0.000	0.051	0.013	0.000	0.000	0.000	0.000	0.000	0.013	0.141	0.000	0.000	0.000	0.000
270	0.038	0.000	0.038	0.115	0.000	0.026	0.064	0.615	0.000	0.000	0.013	0.026	0.000	0.000	0.000	0.026	0.000	0.000	0.000	0.000
271	0.077	0.179	0.000	0.000	0.000	0.103	0.000	0.077	0.103	0.051	0.269	0.013	0.000	0.000	0.000	0.026	0.026	0.000	0.000	0.038
272	0.090	0.013	0.026	0.038	0.000	0.026	0.103	0.000	0.013	0.000	0.038	0.141	0.000	0.013	0.295	0.077	0.064	0.000	0.000	0.013
273	0.077	0.000	0.000	0.000	0.013	0.000	0.000	0.026	0.000	0.013	0.205	0.000	0.179	0.385	0.013	0.000	0.000	0.000	0.013	0.038
274	0.038	0.051	0.000	0.026	0.000	0.013	0.013	0.013	0.103	0.051	0.038	0.077	0.013	0.000	0.000	0.026	0.179	0.013	0.205	0.103
275	0.000	0.000	0.000	0.000	0.000	0.385	0.000	0.000	0.000	0.090	0.051	0.000	0.000	0.000	0.000	0.000	0.026	0.013	0.000	0.397
276	0.000	0.000	0.000	0.000	0.000	0.000	0.000	0.000	0.000	0.526	0.026	0.000	0.000	0.000	0.000	0.013	0.026	0.000	0.026	0.346
277	0.410	0.000	0.000	0.000	0.000	0.077	0.013	0.397	0.038	0.000	0.000	0.000	0.000	0.000	0.000	0.026	0.000	0.000	0.000	0.000
278	0.141	0.013	0.000	0.000	0.000	0.026	0.000	0.026	0.000	0.038	0.051	0.038	0.000	0.000	0.000	0.359	0.179	0.000	0.013	0.077
279	0.000	0.000	0.000	0.949	0.000	0.000	0.013	0.000	0.000	0.000	0.000	0.000	0.000	0.000	0.000	0.000	0.000	0.000	0.000	0.000
280	0.000	0.000	0.000	0.000	0.013	0.000	0.000	0.936	0.000	0.000	0.000	0.000	0.000	0.000	0.000	0.013	0.000	0.000	0.000	0.000
281	0.000	0.013	0.141	0.000	0.000	0.154	0.000	0.513	0.000	0.038	0.038	0.000	0.013	0.013	0.000	0.013	0.000	0.013	0.000	0.013
282	0.013	0.013	0.077	0.103	0.000	0.000	0.000	0.000	0.013	0.026	0.449	0.000	0.000	0.038	0.167	0.000	0.038	0.000	0.026	0.000
283	0.000	0.000	0.000	0.000	0.013	0.000	0.000	0.000	0.000	0.115	0.487	0.000	0.103	0.013	0.000	0.000	0.000	0.000	0.000	0.231
284	0.103	0.038	0.038	0.038	0.000	0.064	0.128	0.051	0.038	0.000	0.000	0.026	0.000	0.000	0.179	0.026	0.013	0.000	0.000	0.000
285	0.090	0.167	0.038	0.000	0.000	0.103	0.256	0.013	0.051	0.000	0.000	0.167	0.000	0.000	0.038	0.013	0.013	0.000	0.013	0.000
286	0.026	0.038	0.000	0.000	0.000	0.000	0.000	0.000	0.013	0.000	0.013	0.000	0.013	0.000	0.679	0.051	0.090	0.000	0.000	0.038
287	0.038	0.038	0.000	0.013	0.000	0.038	0.064	0.013	0.000	0.090	0.026	0.000	0.013	0.026	0.038	0.000	0.013	0.013	0.000	0.538
288	0.128	0.051	0.000	0.000	0.000	0.051	0.064	0.013	0.013	0.013	0.090	0.244	0.013	0.000	0.064	0.064	0.115	0.000	0.013	0.026
289	0.026	0.038	0.000	0.000	0.000	0.000	0.000	0.077	0.090	0.051	0.205	0.000	0.026	0.026	0.000	0.000	0.038	0.000	0.000	0.385
290	0.013	0.077	0.051	0.282	0.000	0.141	0.064	0.013	0.000	0.013	0.000	0.077	0.000	0.000	0.000	0.103	0.128	0.000	0.000	0.000
291	0.051	0.077	0.064	0.038	0.000	0.026	0.359	0.026	0.013	0.000	0.026	0.051	0.013	0.013	0.000	0.167	0.038	0.000	0.000	0.000
292	0.013	0.000	0.000	0.000	0.000	0.000	0.000	0.000	0.000	0.218	0.385	0.000	0.000	0.244	0.000	0.013	0.000	0.000	0.026	0.064
293	0.064	0.192	0.013	0.038	0.000	0.013	0.013	0.038	0.000	0.026	0.077	0.013	0.064	0.000	0.103	0.090	0.077	0.026	0.013	0.103
294	0.038	0.000	0.000	0.000	0.000	0.000	0.000	0.000	0.000	0.333	0.385	0.000	0.026	0.064	0.000	0.000	0.000	0.000	0.000	0.115
295	0.321	0.013	0.000	0.013	0.000	0.013	0.064	0.205	0.013	0.000	0.090	0.000	0.013	0.000	0.013	0.103	0.090	0.000	0.000	0.013
296	0.013	0.000	0.013	0.000	0.038	0.026	0.000	0.013	0.000	0.013	0.000	0.000	0.115	0.000	0.628	0.000	0.013	0.000	0.000	0.090
297	0.500	0.000	0.000	0.000	0.000	0.000	0.000	0.436	0.000	0.000	0.000	0.000	0.000	0.000	0.000	0.026	0.000	0.000	0.000	0.000
298	0.026	0.000	0.000	0.000	0.000	0.090	0.756	0.026	0.000	0.000	0.000	0.000	0.038	0.000	0.000	0.000	0.000	0.000	0.026	0.000
299	0.000	0.808	0.000	0.000	0.000	0.000	0.000	0.000	0.000	0.000	0.000	0.000	0.000	0.000	0.000	0.000	0.154	0.000	0.000	0.000
300	0.154	0.000	0.000	0.013	0.064	0.000	0.000	0.000	0.013	0.064	0.038	0.000	0.013	0.244	0.000	0.000	0.013	0.000	0.256	0.090
301	0.000	0.000	0.000	0.718	0.013	0.000	0.231	0.000	0.000	0.000	0.000	0.000	0.000	0.000	0.000	0.000	0.000	0.000	0.000	0.000
302	0.026	0.000	0.000	0.000	0.013	0.000	0.000	0.000	0.000	0.141	0.205	0.000	0.000	0.013	0.000	0.000	0.000	0.000	0.000	0.564
303	0.038	0.000	0.000	0.000	0.000	0.000	0.064	0.000	0.013	0.397	0.269	0.000	0.038	0.000	0.000	0.000	0.013	0.000	0.000	0.128
304	0.000	0.000	0.000	0.000	0.000	0.000	0.000	0.000	0.000	0.205	0.103	0.000	0.013	0.038	0.000	0.000	0.000	0.000	0.000	0.603
305	0.013	0.064	0.000	0.577	0.000	0.051	0.103	0.000	0.000	0.026	0.000	0.026	0.000	0.000	0.000	0.038	0.038	0.000	0.000	0.026
306	0.077	0.000	0.000	0.000	0.000	0.000	0.000	0.013	0.000	0.038	0.077	0.000	0.064	0.423	0.141	0.000	0.051	0.000	0.000	0.077
307	0.026	0.064	0.013	0.064	0.000	0.064	0.000	0.077	0.000	0.000	0.000	0.038	0.000	0.000	0.167	0.359	0.090	0.000	0.000	0.000
308	0.090	0.077	0.128	0.218	0.000	0.051	0.051	0.115	0.013	0.000	0.013	0.090	0.000	0.000	0.026	0.000	0.013	0.000	0.000	0.000
309	0.090	0.013	0.038	0.064	0.000	0.038	0.038	0.141	0.038	0.000	0.051	0.013	0.000	0.038	0.051	0.051	0.013	0.000	0.205	0.013
310	0.038	0.064	0.013	0.051	0.000	0.064	0.026	0.128	0.038	0.000	0.000	0.090	0.000	0.000	0.077	0.013	0.013	0.000	0.000	0.013
311	0.321	0.013	0.038	0.077	0.000	0.000	0.192	0.013	0.000	0.013	0.000	0.051	0.000	0.000	0.064	0.026	0.038	0.000	0.000	0.077
312	0.013	0.026	0.013	0.000	0.000	0.000	0.000	0.423	0.026	0.000	0.038	0.000	0.000	0.115	0.000	0.000	0.026	0.051	0.179	0.013
313	0.051	0.038	0.000	0.154	0.026	0.064	0.090	0.013	0.000	0.000	0.013	0.128	0.000	0.000	0.051	0.013	0.269	0.000	0.013	0.000
314	0.000	0.038	0.051	0.013	0.000	0.013	0.090	0.000	0.013	0.205	0.269	0.013	0.000	0.000	0.000	0.026	0.141	0.000	0.013	0.038
315	0.038	0.013	0.000	0.013	0.000	0.026	0.026	0.013	0.013	0.179	0.115	0.000	0.038	0.167	0.000	0.000	0.026	0.000	0.000	0.295
316	0.256	0.026	0.038	0.026	0.013	0.000	0.013	0.013	0.000	0.115	0.013	0.013	0.000	0.000	0.000	0.064	0.308	0.000	0.000	0.064
317	0.038	0.000	0.000	0.000	0.000	0.167	0.026	0.000	0.026	0.000	0.577	0.000	0.051	0.026	0.000	0.000	0.013	0.000	0.013	0.026
318	0.115	0.103	0.013	0.038	0.000	0.013	0.013	0.026	0.013	0.000	0.000	0.179	0.026	0.000	0.154	0.141	0.064	0.000	0.026	0.038
319	0.026	0.000	0.372	0.077	0.000	0.000	0.077	0.000	0.026	0.026	0.038	0.013	0.103	0.013	0.000	0.038	0.026	0.000	0.026	0.103
320	0.026	0.115	0.077	0.359	0.000	0.013	0.026	0.090	0.000	0.013	0.038	0.026	0.000	0.026	0.038	0.064	0.026	0.000	0.000	0.000
321	0.115	0.244	0.038	0.090	0.000	0.090	0.026	0.026	0.000	0.051	0.115	0.026	0.000	0.026	0.013	0.013	0.051	0.000	0.013	0.000
322	0.051	0.064	0.000	0.038	0.000	0.013	0.013	0.397	0.000	0.013	0.000	0.000	0.090	0.000	0.026	0.064	0.115	0.000	0.000	0.000
323	0.064	0.013	0.013	0.051	0.103	0.026	0.064	0.295	0.013	0.000	0.000	0.013	0.000	0.013	0.077	0.051	0.051	0.000	0.000	0.026
324	0.000	0.038	0.000	0.013	0.000	0.038	0.013	0.000	0.038	0.013	0.000	0.013	0.026	0.013	0.038	0.026	0.013	0.000	0.128	0.000
325	0.167	0.000	0.013	0.013	0.013	0.000	0.026	0.000	0.000	0.013	0.000	0.000	0.026	0.026	0.013	0.026	0.051	0.000	0.000	0.026
326	0.000	0.000	0.064	0.038	0.000	0.000	0.000	0.205	0.000	0.000	0.000	0.000	0.090	0.000	0.013	0.000	0.000	0.000	0.000	0.000
327	0.103	0.000	0.000	0.000	0.000	0.038	0.000	0.154	0.000	0.000	0.000	0.000	0.000	0.000	0.000	0.026	0.051	0.000	0.000	0.038
328	0.115	0.000	0.000	0.167	0.000	0.013	0.013	0.013	0.000	0.000	0.000	0.000	0.013	0.000	0.038	0.038	0.000	0.000	0.000	0.000
329	0.051	0.000	0.000	0.000	0.000	0.000	0.000	0.038	0.000	0.000	0.000	0.000	0.013	0.000	0.244	0.013	0.000	0.000	0.000	0.051
330	0.051	0.013	0.077	0.077	0.000	0.013	0.026	0.038	0.000	0.000	0.013	0.038	0.013	0.090	0.000	0.026	0.038	0.000	0.000	0.013
331	0.026	0.000	0.038	0.167	0.000	0.013	0.026	0.103	0.000	0.000	0.013	0.000	0.000	0.000	0.205	0.026	0.000	0.000	0.000	0.000
332	0.077	0.038	0.013	0.090	0.000	0.038	0.128	0.013	0.000	0.000	0.013	0.064	0.000	0.000	0.026	0.026	0.038	0.013	0.026	0.013
333	0.064	0.077	0.000	0.000	0.000	0.000	0.000	0.000	0.000	0.013	0.013	0.013	0.000	0.000	0.064	0.000	0.346	0.000	0.000	0.026
334	0.167	0.154	0.000	0.051	0.000	0.013	0.038	0.128	0.026	0.026	0.141	0.013	0.013	0.038	0.013	0.038	0.013	0.000	0.000	0.077
335	0.154	0.000	0.064	0.179	0.000	0.026	0.051	0.141	0.013	0.038	0.013	0.000	0.000	0.000	0.154	0.013	0.064	0.000	0.000	0.038
336	0.013	0.000	0.000	0.013	0.000	0.013	0.000	0.000	0.000	0.167	0.090	0.026	0.000	0.013	0.026	0.013	0.205	0.000	0.026	0.346
337	0.000	0.000	0.000	0.000	0.000	0.000	0.000	0.000	0.000	0.090	0.513	0.000	0.321	0.000	0.000	0.000	0.000	0.000	0.000	0.026
338	0.167	0.231	0.000	0.000	0.000	0.244	0.038	0.000	0.026	0.013	0.013	0.051	0.000	0.000	0.013	0.026	0.064	0.000	0.000	0.064
339	0.038	0.000	0.000	0.026	0.000	0.000	0.000	0.000	0.000	0.064	0.090	0.000	0.000	0.410	0.038	0.038	0.103	0.000	0.051	0.090
340	0.077	0.051	0.013	0.051	0.000	0.013	0.051	0.013	0.013	0.000	0.000	0.026	0.000	0.000	0.013	0.013	0.013	0.013	0.000	0.038
341	0.077	0.000	0.000	0.026	0.000	0.000	0.064	0.128	0.000	0.026	0.013	0.013	0.000	0.000	0.038	0.013	0.000	0.000	0.000	0.000
342	0.038	0.244	0.064	0.026	0.000	0.026	0.013	0.115	0.013	0.013	0.000	0.051	0.000	0.000	0.013	0.038	0.026	0.000	0.013	0.038
343	0.038	0.000	0.000	0.000	0.000	0.000	0.026	0.000	0.000	0.051	0.103	0.000	0.051	0.000	0.026	0.000	0.013	0.000	0.000	0.410
344	0.077	0.051	0.026	0.090	0.000	0.051	0.013	0.013	0.051	0.000	0.000	0.038	0.000	0.000	0.013	0.115	0.141	0.000	0.000	0.038
345	0.128	0.064	0.000	0.026	0.013	0.090	0.038	0.026	0.000	0.026	0.077	0.154	0.000	0.000	0.013	0.051	0.000	0.000	0.000	0.026
346	0.026	0.038	0.000	0.000	0.000	0.026	0.051	0.064	0.013	0.013	0.000	0.000	0.000	0.013	0.423	0.038	0.051	0.000	0.000	0.000
347	0.038	0.077	0.013	0.013	0.013	0.038	0.026	0.051	0.000	0.064	0.269	0.013	0.000	0.013	0.013	0.064	0.026	0.000	0.000	0.141
348	0.128	0.051	0.000	0.013	0.026	0.064	0.026	0.013	0.000	0.000	0.051	0.103	0.013	0.051	0.205	0.090	0.013	0.000	0.013	0.013
349	0.154	0.026	0.013	0.000	0.013	0.064	0.077	0.090	0.000	0.051	0.000	0.090	0.000	0.000	0.077	0.115	0.051	0.000	0.000	0.051
350	0.077	0.090	0.013	0.000	0.000	0.026	0.103	0.013	0.000	0.013	0.090	0.167	0.064	0.000	0.128	0.038	0.038	0.000	0.000	0.013
351	0.090	0.013	0.000	0.641	0.000	0.000	0.064	0.038	0.000	0.000	0.000	0.000	0.000	0.000	0.000	0.000	0.000	0.000	0.000	0.013
352	0.038	0.038	0.026	0.051	0.000	0.038	0.090	0.000	0.000	0.026	0.000	0.090	0.000	0.000	0.128	0.103	0.141	0.026	0.013	0.026
353	0.026	0.128	0.000	0.000	0.000	0.038	0.026	0.013	0.026	0.038	0.026	0.013	0.000	0.013	0.051	0.000	0.000	0.000	0.000	0.038
354	0.167	0.026	0.013	0.000	0.000	0.013	0.013	0.103	0.000	0.013	0.013	0.026	0.000	0.013	0.064	0.295	0.115	0.000	0.000	0.064
355	0.115	0.167	0.000	0.090	0.000	0.051	0.038	0.026	0.000	0.013	0.000	0.103	0.038	0.000	0.051	0.077	0.115	0.013	0.000	0.038
356	0.051	0.013	0.000	0.000	0.000	0.013	0.000	0.026	0.000	0.167	0.372	0.051	0.064	0.013	0.000	0.013	0.051	0.000	0.000	0.115
357	0.038	0.013	0.000	0.013	0.000	0.000	0.000	0.013	0.000	0.013	0.026	0.000	0.000	0.000	0.769	0.038	0.026	0.000	0.000	0.000
358	0.090	0.192	0.000	0.167	0.000	0.051	0.090	0.038	0.000	0.013	0.000	0.115	0.000	0.000	0.013	0.090	0.038	0.000	0.000	0.026
359	0.013	0.090	0.115	0.038	0.000	0.038	0.013	0.013	0.064	0.051	0.038	0.026	0.013	0.013	0.038	0.103	0.141	0.013	0.064	0.038
360	0.013	0.038	0.090	0.013	0.000	0.013	0.013	0.038	0.000	0.013	0.551	0.026	0.000	0.026	0.090	0.000	0.026	0.000	0.000	0.013
361	0.167	0.051	0.000	0.013	0.013	0.000	0.000	0.026	0.000	0.038	0.269	0.038	0.000	0.026	0.000	0.141	0.064	0.000	0.000	0.115
362	0.038	0.000	0.013	0.218	0.000	0.013	0.000	0.051	0.013	0.000	0.000	0.000	0.000	0.000	0.038	0.013	0.013	0.000	0.000	0.000
363	0.141	0.103	0.026	0.077	0.013	0.013	0.038	0.013	0.013	0.000	0.026	0.038	0.000	0.000	0.090	0.103	0.192	0.000	0.013	0.038
364	0.000	0.090	0.000	0.000	0.000	0.013	0.038	0.000	0.026	0.141	0.231	0.013	0.026	0.064	0.026	0.000	0.000	0.000	0.192	0.077
365	0.154	0.038	0.000	0.051	0.000	0.013	0.051	0.077	0.000	0.000	0.000	0.013	0.000	0.000	0.462	0.051	0.026	0.000	0.000	0.000
366	0.103	0.064	0.038	0.269	0.000	0.038	0.026	0.038	0.000	0.013	0.000	0.013	0.000	0.064	0.077	0.154	0.013	0.000	0.000	0.013
367	0.026	0.000	0.000	0.000	0.000	0.013	0.000	0.013	0.000	0.051	0.590	0.013	0.000	0.026	0.103	0.000	0.000	0.000	0.026	0.064
368	0.115	0.192	0.026	0.090	0.000	0.064	0.013	0.038	0.038	0.000	0.000	0.090	0.013	0.000	0.103	0.051	0.077	0.000	0.000	0.038
369	0.115	0.026	0.026	0.051	0.000	0.064	0.103	0.026	0.038	0.000	0.026	0.026	0.000	0.000	0.179	0.141	0.090	0.000	0.000	0.051
370	0.103	0.038	0.103	0.026	0.000	0.038	0.026	0.013	0.026	0.013	0.141	0.038	0.000	0.013	0.026	0.090	0.128	0.000	0.000	0.038
371	0.013	0.103	0.077	0.077	0.000	0.038	0.115	0.077	0.051	0.013	0.013	0.064	0.000	0.026	0.077	0.064	0.038	0.000	0.000	0.013
372	0.179	0.026	0.038	0.013	0.000	0.000	0.051	0.128	0.000	0.179	0.000	0.000	0.000	0.051	0.077	0.013	0.000	0.000	0.000	0.103
373	0.038	0.013	0.026	0.115	0.000	0.064	0.038	0.038	0.038	0.051	0.103	0.038	0.000	0.000	0.026	0.077	0.103	0.000	0.000	0.051
374	0.103	0.103	0.051	0.013	0.000	0.026	0.026	0.038	0.000	0.026	0.077	0.090	0.000	0.000	0.103	0.000	0.090	0.013	0.026	0.038
375	0.064	0.064	0.038	0.064	0.000	0.038	0.090	0.038	0.013	0.205	0.013	0.013	0.000	0.000	0.000	0.103	0.141	0.000	0.013	0.051
376	0.051	0.718	0.000	0.013	0.000	0.064	0.038	0.000	0.026	0.000	0.000	0.026	0.000	0.000	0.000	0.013	0.000	0.000	0.000	0.000
377	0.026	0.051	0.000	0.000	0.000	0.013	0.154	0.013	0.013	0.000	0.000	0.077	0.000	0.000	0.013	0.000	0.038	0.000	0.013	0.013
378	0.000	0.013	0.000	0.000	0.000	0.000	0.000	0.000	0.013	0.192	0.077	0.000	0.000	0.051	0.000	0.013	0.000	0.000	0.038	0.026
379	0.013	0.077	0.090	0.077	0.000	0.038	0.167	0.000	0.064	0.013	0.013	0.064	0.026	0.000	0.026	0.051	0.192	0.013	0.013	0.026
380	0.000	0.013	0.013	0.000	0.000	0.000	0.000	0.000	0.000	0.038	0.526	0.000	0.026	0.179	0.013	0.000	0.000	0.000	0.013	0.141
381	0.013	0.051	0.051	0.064	0.000	0.064	0.064	0.013	0.167	0.051	0.038	0.141	0.013	0.013	0.000	0.026	0.115	0.000	0.000	0.077
382	0.000	0.000	0.000	0.000	0.000	0.000	0.000	0.000	0.000	0.026	0.654	0.000	0.103	0.141	0.013	0.000	0.000	0.000	0.026	0.000
383	0.038	0.026	0.013	0.013	0.000	0.103	0.026	0.115	0.013	0.026	0.026	0.026	0.026	0.000	0.013	0.090	0.308	0.000	0.000	0.064
384	0.154	0.051	0.026	0.026	0.000	0.000	0.064	0.487	0.000	0.000	0.026	0.000	0.064	0.000	0.000	0.013	0.013	0.000	0.000	0.000
385	0.051	0.000	0.154	0.051	0.000	0.013	0.013	0.090	0.026	0.038	0.090	0.000	0.090	0.000	0.000	0.128	0.141	0.000	0.000	0.038
386	0.051	0.000	0.000	0.090	0.000	0.128	0.000	0.013	0.000	0.000	0.064	0.013	0.346	0.013	0.000	0.013	0.115	0.000	0.000	0.051
387	0.026	0.000	0.013	0.282	0.000	0.013	0.141	0.064	0.000	0.000	0.000	0.000	0.038	0.000	0.000	0.026	0.000	0.000	0.000	0.000
388	0.026	0.064	0.038	0.026	0.000	0.064	0.103	0.064	0.013	0.000	0.000	0.103	0.000	0.000	0.026	0.051	0.013	0.000	0.000	0.013
389	0.026	0.000	0.000	0.013	0.000	0.000	0.000	0.064	0.000	0.000	0.051	0.026	0.000	0.026	0.013	0.013	0.000	0.000	0.244	0.000
390	0.026	0.051	0.000	0.013	0.000	0.038	0.128	0.410	0.013	0.013	0.026	0.026	0.013	0.064	0.026	0.051	0.000	0.000	0.000	0.000
391	0.000	0.423	0.026	0.026	0.000	0.000	0.000	0.141	0.090	0.000	0.000	0.026	0.000	0.000	0.077	0.013	0.026	0.000	0.051	0.000
392	0.013	0.026	0.051	0.013	0.000	0.026	0.013	0.064	0.026	0.000	0.013	0.026	0.026	0.064	0.231	0.026	0.064	0.000	0.179	0.051
393	0.115	0.051	0.000	0.000	0.000	0.000	0.038	0.064	0.013	0.090	0.128	0.026	0.103	0.051	0.000	0.038	0.038	0.026	0.013	0.115
394	0.013	0.000	0.090	0.000	0.000	0.000	0.000	0.000	0.013	0.000	0.218	0.000	0.026	0.077	0.013	0.026	0.000	0.385	0.051	0.051
395	0.154	0.077	0.000	0.000	0.000	0.026	0.013	0.064	0.000	0.000	0.218	0.026	0.051	0.026	0.000	0.141	0.167	0.000	0.000	0.000
396	0.000	0.013	0.000	0.000	0.000	0.000	0.000	0.000	0.000	0.513	0.231	0.013	0.026	0.128	0.000	0.000	0.000	0.000	0.000	0.038
397	0.013	0.000	0.628	0.295	0.000	0.000	0.000	0.000	0.000	0.000	0.000	0.000	0.000	0.000	0.000	0.000	0.013	0.000	0.000	0.000
398	0.013	0.000	0.244	0.051	0.000	0.000	0.000	0.577	0.000	0.000	0.000	0.038	0.013	0.000	0.000	0.013	0.000	0.000	0.000	0.000
399	0.000	0.103	0.000	0.038	0.000	0.103	0.051	0.000	0.026	0.038	0.064	0.372	0.026	0.000	0.000	0.000	0.038	0.000	0.000	0.090
400	0.128	0.115	0.026	0.000	0.000	0.000	0.077	0.000	0.000	0.000	0.038	0.179	0.000	0.026	0.141	0.038	0.115	0.000	0.026	0.038
401	0.000	0.000	0.013	0.000	0.000	0.000	0.000	0.000	0.000	0.000	0.013	0.000	0.026	0.474	0.000	0.000	0.000	0.308	0.103	0.000
402	0.064	0.013	0.038	0.038	0.000	0.013	0.000	0.077	0.103	0.013	0.013	0.000	0.026	0.000	0.103	0.090	0.013	0.000	0.000	0.000
403	0.090	0.026	0.026	0.577	0.000	0.026	0.141	0.000	0.000	0.000	0.000	0.038	0.000	0.000	0.000	0.026	0.000	0.000	0.000	0.000
404	0.103	0.013	0.000	0.013	0.000	0.000	0.000	0.051	0.026	0.000	0.026	0.026	0.218	0.000	0.359	0.064	0.051	0.000	0.000	0.000
405	0.013	0.000	0.103	0.026	0.000	0.051	0.064	0.077	0.013	0.013	0.013	0.000	0.013	0.000	0.000	0.026	0.051	0.000	0.000	0.000
406	0.026	0.256	0.000	0.051	0.000	0.000	0.038	0.013	0.000	0.000	0.000	0.026	0.000	0.000	0.013	0.013	0.013	0.013	0.000	0.013
407	0.064	0.013	0.000	0.051	0.000	0.000	0.077	0.013	0.000	0.179	0.013	0.013	0.026	0.000	0.192	0.038	0.064	0.000	0.013	0.205
408	0.038	0.000	0.013	0.179	0.000	0.038	0.026	0.013	0.013	0.051	0.038	0.000	0.038	0.013	0.205	0.026	0.244	0.000	0.013	0.013
409	0.167	0.026	0.000	0.013	0.000	0.013	0.256	0.013	0.000	0.103	0.103	0.000	0.000	0.179	0.000	0.000	0.000	0.000	0.013	0.077
410	0.154	0.167	0.026	0.064	0.000	0.013	0.090	0.000	0.064	0.000	0.000	0.077	0.026	0.000	0.013	0.013	0.218	0.000	0.013	0.026
411	0.103	0.000	0.000	0.000	0.000	0.051	0.000	0.000	0.000	0.038	0.167	0.000	0.026	0.051	0.295	0.013	0.000	0.000	0.000	0.218
412	0.103	0.154	0.013	0.000	0.013	0.077	0.128	0.013	0.000	0.000	0.026	0.321	0.000	0.000	0.038	0.038	0.026	0.000	0.013	0.000
413	0.000	0.077	0.013	0.000	0.000	0.064	0.090	0.000	0.038	0.026	0.372	0.077	0.000	0.026	0.013	0.038	0.013	0.000	0.038	0.077
414	0.000	0.000	0.051	0.013	0.000	0.000	0.000	0.897	0.000	0.000	0.000	0.000	0.000	0.000	0.000	0.000	0.000	0.000	0.000	0.000
415	0.051	0.038	0.000	0.103	0.000	0.103	0.218	0.026	0.000	0.000	0.000	0.064	0.000	0.000	0.000	0.218	0.128	0.000	0.000	0.013
416	0.013	0.205	0.013	0.000	0.000	0.000	0.000	0.000	0.026	0.038	0.051	0.000	0.000	0.000	0.000	0.051	0.372	0.013	0.064	0.115
417	0.013	0.000	0.000	0.026	0.000	0.026	0.526	0.000	0.000	0.038	0.038	0.000	0.013	0.000	0.000	0.000	0.000	0.000	0.051	0.231
418	0.000	0.295	0.000	0.000	0.000	0.026	0.077	0.000	0.000	0.321	0.013	0.064	0.000	0.000	0.000	0.000	0.013	0.000	0.026	0.128
419	0.000	0.000	0.000	0.000	0.000	0.000	0.000	0.000	0.000	0.090	0.077	0.000	0.026	0.077	0.000	0.000	0.013	0.590	0.000	0.090
420	0.000	0.051	0.013	0.064	0.000	0.026	0.154	0.000	0.000	0.115	0.000	0.013	0.013	0.000	0.000	0.205	0.167	0.000	0.013	0.128
421	0.000	0.000	0.000	0.000	0.000	0.000	0.000	0.000	0.000	0.295	0.397	0.000	0.051	0.115	0.000	0.000	0.000	0.000	0.000	0.103
422	0.026	0.090	0.000	0.013	0.000	0.038	0.038	0.000	0.064	0.205	0.026	0.013	0.000	0.026	0.000	0.128	0.077	0.000	0.013	0.192
423	0.000	0.000	0.744	0.000	0.000	0.000	0.000	0.103	0.000	0.000	0.000	0.000	0.000	0.000	0.000	0.026	0.013	0.000	0.000	0.000
424	0.077	0.064	0.026	0.192	0.000	0.026	0.077	0.013	0.013	0.013	0.051	0.038	0.038	0.000	0.064	0.013	0.103	0.000	0.000	0.090
425	0.064	0.000	0.051	0.026	0.000	0.000	0.013	0.141	0.000	0.000	0.000	0.000	0.026	0.013	0.000	0.115	0.513	0.000	0.000	0.000
426	0.038	0.090	0.077	0.231	0.000	0.026	0.026	0.038	0.000	0.000	0.000	0.000	0.205	0.026	0.115	0.013	0.038	0.000	0.000	0.000
427	0.051	0.000	0.000	0.051	0.000	0.013	0.013	0.103	0.026	0.013	0.000	0.000	0.436	0.103	0.026	0.013	0.000	0.064	0.026	0.064
428	0.090	0.013	0.038	0.077	0.000	0.026	0.038	0.026	0.051	0.077	0.103	0.000	0.013	0.000	0.064	0.077	0.231	0.026	0.000	0.051
429	0.000	0.000	0.000	0.000	0.000	0.000	0.000	0.000	1.000	0.000	0.000	0.000	0.000	0.000	0.000	0.000	0.000	0.000	0.000	0.000
430	0.000	0.000	0.013	0.000	0.000	0.000	0.000	0.026	0.000	0.000	0.000	0.000	0.000	0.000	0.962	0.000	0.000	0.000	0.000	0.000
431	0.000	0.000	0.000	0.000	0.000	0.000	0.000	0.000	0.000	0.385	0.000	0.000	0.295	0.282	0.000	0.000	0.000	0.000	0.000	0.038
432	0.000	0.000	0.000	0.000	0.000	0.000	0.000	0.000	1.000	0.000	0.000	0.000	0.000	0.000	0.000	0.000	0.000	0.000	0.000	0.000
433	0.000	0.000	0.000	0.000	0.000	0.000	0.000	0.000	0.000	0.282	0.577	0.000	0.051	0.000	0.000	0.000	0.000	0.000	0.000	0.090
434	0.000	0.000	0.000	0.000	0.000	0.000	0.000	0.000	1.000	0.000	0.000	0.000	0.000	0.000	0.000	0.000	0.000	0.000	0.000	0.000
435	0.000	0.000	0.000	0.013	0.000	0.000	0.000	0.603	0.000	0.000	0.321	0.000	0.000	0.000	0.000	0.000	0.026	0.000	0.000	0.038
436	0.026	0.000	0.051	0.026	0.000	0.013	0.000	0.000	0.141	0.077	0.051	0.000	0.154	0.026	0.000	0.000	0.154	0.000	0.013	0.269
437	0.000	0.026	0.038	0.038	0.000	0.308	0.013	0.000	0.141	0.000	0.000	0.013	0.000	0.026	0.051	0.154	0.038	0.154	0.000	0.000
438	0.000	0.000	0.000	0.000	0.000	0.000	0.000	0.000	0.000	0.000	0.000	0.000	0.051	0.744	0.000	0.141	0.000	0.013	0.013	0.038
439	0.013	0.192	0.013	0.077	0.000	0.346	0.103	0.000	0.013	0.000	0.051	0.103	0.013	0.026	0.000	0.000	0.013	0.000	0.013	0.026
440	0.013	0.000	0.000	0.000	0.000	0.000	0.013	0.000	0.000	0.269	0.205	0.000	0.000	0.000	0.000	0.000	0.000	0.000	0.000	0.500
441	0.013	0.013	0.000	0.013	0.000	0.000	0.141	0.000	0.000	0.103	0.590	0.000	0.000	0.000	0.013	0.000	0.038	0.000	0.000	0.077
442	0.064	0.026	0.064	0.256	0.000	0.000	0.026	0.090	0.000	0.000	0.013	0.026	0.013	0.000	0.000	0.385	0.038	0.000	0.000	0.000
443	0.013	0.385	0.000	0.026	0.000	0.000	0.141	0.064	0.051	0.051	0.038	0.038	0.000	0.000	0.038	0.103	0.013	0.000	0.000	0.038
444	0.026	0.141	0.423	0.192	0.000	0.077	0.000	0.077	0.026	0.000	0.000	0.000	0.000	0.000	0.000	0.013	0.013	0.000	0.000	0.000
445	0.013	0.038	0.000	0.038	0.000	0.000	0.000	0.833	0.000	0.000	0.000	0.013	0.000	0.000	0.026	0.013	0.013	0.000	0.000	0.000
446	0.026	0.128	0.051	0.077	0.000	0.128	0.128	0.090	0.038	0.000	0.026	0.167	0.000	0.000	0.000	0.038	0.064	0.000	0.000	0.026
447	0.090	0.103	0.026	0.051	0.000	0.013	0.038	0.013	0.026	0.141	0.103	0.051	0.000	0.064	0.167	0.013	0.013	0.000	0.038	0.026
448	0.013	0.013	0.026	0.000	0.000	0.026	0.013	0.000	0.013	0.128	0.077	0.000	0.013	0.013	0.000	0.038	0.013	0.026	0.013	0.167
449	0.038	0.000	0.000	0.000	0.000	0.013	0.000	0.000	0.000	0.000	0.013	0.038	0.000	0.090	0.077	0.038	0.026	0.000	0.103	0.077
450	0.000	0.000	0.000	0.000	0.000	0.000	0.000	0.077	0.000	0.026	0.013	0.000	0.000	0.026	0.487	0.000	0.000	0.000	0.000	0.077
451	0.141	0.013	0.013	0.038	0.000	0.026	0.077	0.051	0.000	0.026	0.038	0.026	0.013	0.000	0.128	0.064	0.000	0.000	0.051	0.000
452	0.077	0.013	0.000	0.000	0.000	0.000	0.013	0.000	0.000	0.013	0.026	0.013	0.000	0.000	0.615	0.000	0.000	0.000	0.000	0.013
453	0.026	0.000	0.192	0.013	0.000	0.051	0.013	0.000	0.141	0.000	0.064	0.000	0.000	0.013	0.013	0.064	0.026	0.013	0.077	0.064
454	0.000	0.128	0.026	0.103	0.000	0.013	0.282	0.000	0.013	0.000	0.038	0.000	0.000	0.000	0.000	0.013	0.000	0.000	0.013	0.000
455	0.154	0.128	0.000	0.000	0.000	0.064	0.000	0.064	0.026	0.000	0.000	0.128	0.000	0.026	0.000	0.026	0.013	0.000	0.013	0.000
456	0.038	0.000	0.000	0.013	0.000	0.013	0.000	0.526	0.000	0.000	0.000	0.000	0.000	0.000	0.000	0.013	0.000	0.026	0.000	0.000
457	0.013	0.141	0.000	0.000	0.000	0.000	0.000	0.000	0.000	0.064	0.103	0.013	0.013	0.077	0.038	0.013	0.000	0.449	0.051	0.026
458	0.000	0.128	0.000	0.000	0.000	0.013	0.051	0.000	0.013	0.000	0.013	0.705	0.013	0.000	0.000	0.013	0.051	0.000	0.000	0.000
459	0.000	0.000	0.000	0.808	0.000	0.000	0.000	0.000	0.154	0.000	0.000	0.000	0.000	0.000	0.000	0.000	0.013	0.000	0.000	0.026
460	0.000	0.000	0.000	0.000	0.000	0.000	0.000	0.000	0.000	0.038	0.000	0.000	0.000	0.000	0.000	0.013	0.936	0.000	0.000	0.013
461	0.013	0.000	0.000	0.000	0.000	0.000	0.026	0.000	0.000	0.218	0.128	0.000	0.000	0.013	0.000	0.000	0.026	0.000	0.038	0.538
462	0.064	0.051	0.090	0.090	0.000	0.090	0.013	0.026	0.000	0.077	0.205	0.103	0.026	0.013	0.038	0.051	0.013	0.026	0.026	0.000
463	0.179	0.000	0.000	0.000	0.000	0.000	0.000	0.000	0.000	0.064	0.115	0.000	0.051	0.000	0.000	0.013	0.013	0.000	0.000	0.564
464	0.038	0.064	0.103	0.038	0.000	0.128	0.103	0.064	0.064	0.000	0.026	0.064	0.000	0.000	0.256	0.013	0.026	0.000	0.013	0.000
465	0.128	0.000	0.013	0.013	0.000	0.013	0.013	0.077	0.013	0.000	0.000	0.051	0.000	0.000	0.449	0.103	0.013	0.000	0.000	0.026
466	0.090	0.013	0.090	0.038	0.000	0.000	0.000	0.641	0.000	0.000	0.000	0.026	0.026	0.013	0.000	0.026	0.000	0.000	0.000	0.000
467	0.038	0.000	0.013	0.038	0.000	0.205	0.372	0.077	0.013	0.000	0.000	0.000	0.000	0.000	0.000	0.154	0.026	0.000	0.026	0.000
468	0.026	0.192	0.000	0.013	0.000	0.013	0.051	0.000	0.026	0.077	0.000	0.077	0.013	0.013	0.013	0.064	0.192	0.000	0.000	0.205
469	0.090	0.077	0.000	0.000	0.000	0.000	0.000	0.000	0.000	0.154	0.077	0.000	0.013	0.000	0.000	0.103	0.154	0.000	0.077	0.256
470	0.000	0.346	0.000	0.077	0.000	0.064	0.192	0.000	0.000	0.026	0.000	0.026	0.000	0.000	0.000	0.154	0.103	0.000	0.000	0.013
471	0.026	0.000	0.000	0.000	0.000	0.000	0.000	0.000	0.000	0.359	0.077	0.000	0.013	0.064	0.000	0.000	0.000	0.000	0.077	0.385
472	0.282	0.077	0.000	0.026	0.000	0.013	0.038	0.000	0.000	0.192	0.308	0.026	0.026	0.000	0.000	0.000	0.000	0.000	0.000	0.013
473	0.205	0.000	0.000	0.000	0.013	0.000	0.000	0.026	0.000	0.051	0.051	0.000	0.038	0.192	0.000	0.013	0.064	0.000	0.000	0.346
474	0.000	0.282	0.013	0.026	0.000	0.026	0.013	0.000	0.038	0.026	0.013	0.179	0.000	0.000	0.000	0.013	0.244	0.000	0.000	0.128
475	0.295	0.000	0.000	0.000	0.000	0.013	0.000	0.026	0.000	0.000	0.000	0.000	0.000	0.538	0.051	0.000	0.013	0.013	0.038	0.013
476	0.051	0.013	0.077	0.423	0.000	0.026	0.077	0.141	0.038	0.000	0.000	0.038	0.000	0.000	0.000	0.051	0.026	0.000	0.000	0.013
477	0.115	0.026	0.179	0.064	0.000	0.026	0.038	0.090	0.090	0.000	0.026	0.026	0.013	0.000	0.231	0.013	0.013	0.000	0.013	0.038
478	0.026	0.000	0.000	0.026	0.000	0.013	0.026	0.000	0.013	0.000	0.077	0.026	0.000	0.141	0.333	0.026	0.038	0.026	0.205	0.013
479	0.141	0.064	0.000	0.000	0.000	0.000	0.013	0.013	0.000	0.013	0.000	0.013	0.000	0.000	0.013	0.128	0.115	0.000	0.013	0.000
480	0.038	0.026	0.013	0.000	0.000	0.000	0.000	0.846	0.038	0.000	0.000	0.000	0.000	0.038	0.000	0.000	0.000	0.000	0.000	0.000
481	0.064	0.321	0.051	0.167	0.000	0.000	0.038	0.000	0.000	0.038	0.038	0.064	0.026	0.000	0.090	0.013	0.026	0.000	0.013	0.051
482	0.000	0.013	0.000	0.000	0.000	0.000	0.000	0.000	0.000	0.000	0.000	0.000	0.000	0.115	0.000	0.000	0.026	0.423	0.423	0.000
483	0.218	0.000	0.000	0.000	0.000	0.000	0.000	0.000	0.000	0.000	0.038	0.000	0.333	0.000	0.038	0.000	0.000	0.000	0.000	0.372
484	0.090	0.000	0.000	0.026	0.000	0.013	0.000	0.000	0.000	0.013	0.128	0.000	0.013	0.231	0.000	0.000	0.000	0.295	0.192	0.000
485	0.000	0.000	0.000	0.000	0.000	0.000	0.000	0.000	1.000	0.000	0.000	0.000	0.000	0.000	0.000	0.000	0.000	0.000	0.000	0.000
486	0.000	0.000	0.000	0.000	1.000	0.000	0.000	0.000	0.000	0.000	0.000	0.000	0.000	0.000	0.000	0.000	0.000	0.000	0.000	0.000
487	0.000	0.000	0.000	0.000	0.000	0.000	0.000	0.000	1.000	0.000	0.000	0.000	0.000	0.000	0.000	0.000	0.000	0.000	0.000	0.000
488	0.000	0.013	0.141	0.013	0.000	0.000	0.026	0.000	0.013	0.423	0.244	0.013	0.051	0.000	0.000	0.000	0.000	0.000	0.000	0.051
489	0.038	0.000	0.013	0.000	0.000	0.000	0.000	0.000	0.000	0.115	0.718	0.000	0.064	0.013	0.000	0.026	0.000	0.000	0.000	0.000
490	0.000	0.000	0.000	0.090	0.000	0.000	0.577	0.013	0.064	0.000	0.051	0.000	0.013	0.051	0.013	0.013	0.000	0.013	0.090	0.000
491	0.000	0.000	0.000	0.000	0.000	0.000	0.000	0.000	0.987	0.000	0.000	0.000	0.000	0.000	0.000	0.000	0.000	0.000	0.000	0.000
492	0.064	0.000	0.000	0.000	0.000	0.051	0.590	0.000	0.000	0.000	0.026	0.000	0.205	0.000	0.000	0.000	0.026	0.000	0.000	0.026
493	0.077	0.000	0.000	0.628	0.000	0.000	0.128	0.000	0.000	0.000	0.000	0.026	0.051	0.000	0.038	0.026	0.000	0.000	0.000	0.013
494	0.115	0.000	0.038	0.000	0.000	0.038	0.026	0.077	0.038	0.000	0.038	0.000	0.115	0.000	0.000	0.026	0.205	0.013	0.205	0.026
495	0.064	0.000	0.000	0.218	0.000	0.000	0.013	0.641	0.000	0.000	0.000	0.000	0.051	0.000	0.000	0.000	0.000	0.000	0.000	0.000
496	0.000	0.000	0.000	0.000	0.000	0.000	0.000	0.000	0.000	0.000	0.038	0.000	0.949	0.000	0.000	0.000	0.000	0.000	0.000	0.000
497	0.000	0.013	0.000	0.000	0.000	0.000	0.000	0.026	0.000	0.000	0.000	0.013	0.718	0.115	0.000	0.013	0.026	0.000	0.000	0.064
498	0.192	0.385	0.000	0.000	0.000	0.026	0.013	0.103	0.038	0.013	0.077	0.000	0.013	0.000	0.000	0.038	0.077	0.000	0.000	0.013
499	0.026	0.013	0.064	0.038	0.000	0.115	0.154	0.077	0.026	0.000	0.013	0.000	0.000	0.000	0.244	0.038	0.090	0.026	0.026	0.038
500	0.013	0.000	0.000	0.000	0.000	0.000	0.000	0.000	0.000	0.128	0.154	0.000	0.103	0.321	0.000	0.000	0.000	0.000	0.013	0.256
501	0.026	0.167	0.026	0.077	0.000	0.064	0.167	0.000	0.013	0.026	0.026	0.077	0.000	0.000	0.038	0.013	0.115	0.000	0.000	0.154
502	0.038	0.000	0.051	0.000	0.013	0.000	0.000	0.000	0.000	0.077	0.000	0.000	0.000	0.000	0.000	0.013	0.038	0.000	0.103	0.654
503	0.064	0.013	0.000	0.000	0.013	0.000	0.115	0.013	0.026	0.218	0.038	0.026	0.064	0.013	0.000	0.103	0.103	0.000	0.026	0.115
504	0.051	0.013	0.026	0.167	0.000	0.026	0.090	0.090	0.000	0.013	0.026	0.000	0.000	0.000	0.051	0.000	0.013	0.000	0.000	0.013
505	0.026	0.013	0.013	0.013	0.000	0.000	0.000	0.051	0.000	0.000	0.013	0.026	0.000	0.064	0.154	0.026	0.000	0.000	0.000	0.038
506	0.013	0.038	0.026	0.077	0.000	0.013	0.051	0.038	0.038	0.000	0.000	0.064	0.000	0.000	0.026	0.000	0.013	0.000	0.000	0.038
507	0.013	0.026	0.038	0.000	0.000	0.013	0.026	0.000	0.026	0.013	0.026	0.103	0.000	0.000	0.026	0.026	0.064	0.000	0.000	0.000
